   1.17187500E-02   1.50000167    
   2.34375000E-02   1.50001287    
   3.51562500E-02   1.50004339    
   4.68750000E-02   1.50010300    
   5.85937500E-02   1.50020123    
   7.03125000E-02   1.50034761    
   8.20312500E-02   1.50055194    
   9.37500000E-02   1.50082397    
  0.105468750       1.50117326    
  0.117187500       1.50160933    
  0.128906250       1.50214195    
  0.140625000       1.50278091    
  0.152343750       1.50353575    
  0.164062500       1.50441599    
  0.175781250       1.50543141    
  0.187500000       1.50659180    
  0.199218750       1.50790668    
  0.210937500       1.50938570    
  0.222656250       1.51103818    
  0.234375000       1.51287460    
  0.246093750       1.51490402    
  0.257812500       1.51713598    
  0.269531250       1.51958072    
  0.281250000       1.52224731    
  0.292968750       1.52514565    
  0.304687500       1.52828562    
  0.316406250       1.53167629    
  0.328125000       1.53532791    
  0.339843750       1.53925002    
  0.351562500       1.54345167    
  0.363281250       1.54794335    
  0.375000000       1.55273438    
  0.386718750       1.55783415    
  0.398437500       1.56325305    
  0.410156250       1.56899965    
  0.421875000       1.57508469    
  0.433593750       1.58151722    
  0.445312500       1.58830678    
  0.457031250       1.59546363    
  0.468750000       1.60299683    
  0.480468750       1.61091626    
  0.492187500       1.61923182    
  0.503906250       1.62795258    
  0.515625000       1.63708878    
  0.527343750       1.64664996    
  0.539062500       1.65664518    
  0.550781250       1.66708517    
  0.562500000       1.67797852    
  0.574218750       1.68933535    
  0.585937500       1.70116580    
  0.597656250       1.71347845    
  0.609375000       1.72628403    
  0.621093750       1.73959160    
  0.632812500       1.75341070    
  0.644531250       1.76775157    
  0.656250000       1.78262329    
  0.667968750       1.79803574    
  0.679687500       1.81399882    
  0.691406250       1.83052158    
  0.703125000       1.84761429    
  0.714843750       1.86528647    
  0.726562500       1.88354719    
  0.738281250       1.90240717    
  0.750000000       1.92187500    
  0.761718750       1.94196081    
  0.773437500       1.96267462    
  0.785156250       1.98402548    
  0.796875000       2.00602341    
  0.808593750       2.02867794    
  0.820312500       2.05199862    
  0.832031250       2.07599521    
  0.843750000       2.10067749    
  0.855468750       2.12605500    
  0.867187500       2.15213728    
  0.878906250       2.17893410    
  0.890625000       2.20645523    
  0.902343750       2.23471022    
  0.914062500       2.26370859    
  0.925781250       2.29346037    
  0.937500000       2.32397461    
  0.949218750       2.35526133    
  0.960937500       2.38733053    
  0.972656250       2.42019129    
  0.984375000       2.45385361    
  0.996093750       2.48832703    
   1.00781250       2.52362108    
   1.01953125       2.55974555    
   1.03125000       2.59671021    
   1.04296875       2.63452458    
   1.05468750       2.67319822    
   1.06640625       2.71274090    
   1.07812500       2.75316238    
   1.08984375       2.79447222    
   1.10156250       2.83667994    
   1.11328125       2.87979555    
   1.12500000       2.92382812    
   1.13671875       2.96878767    
   1.14843750       3.01468420    
   1.16015625       3.06152678    
   1.17187500       3.10932541    
   1.18359375       3.15808964    
   1.19531250       3.20782900    
   1.20703125       3.25855350    
   1.21875000       3.31027222    
   1.23046875       3.36299515    
   1.24218750       3.41673231    
   1.25390625       3.47149301    
   1.26562500       3.52728653    
   1.27734375       3.58412313    
   1.28906250       3.64201212    
   1.30078125       3.70096326    
   1.31250000       3.76098633    
   1.32421875       3.82209086    
   1.33593750       3.88428640    
   1.34765625       3.94758272    
   1.35937500       4.01198959    
   1.37109375       4.07751656    
   1.38281250       4.14417315    
   1.39453125       4.21196890    
   1.40625000       4.28091431    
   1.41796875       4.35101843    
   1.42968750       4.42229033    
   1.44140625       4.49474049    
   1.45312500       4.56837845    
   1.46484375       4.64321375    
   1.47656250       4.71925592    
   1.48828125       4.79651451    
   1.50000000       4.87500000    
   1.51171875       4.95472145    
   1.52343750       5.03568792    
   1.53515625       5.11790991    
   1.54687500       5.20139694    
   1.55859375       5.28615856    
   1.57031250       5.37220430    
   1.58203125       5.45954370    
   1.59375000       5.54818726    
   1.60546875       5.63814402    
   1.61718750       5.72942305    
   1.62890625       5.82203484    
   1.64062500       5.91598892    
   1.65234375       6.01129484    
   1.66406250       6.10796213    
   1.67578125       6.20600128    
   1.68750000       6.30541992    
   1.69921875       6.40622997    
   1.71093750       6.50843906    
   1.72265625       6.61205959    
   1.73437500       6.71709824    
   1.74609375       6.82356644    
   1.75781250       6.93147326    
   1.76953125       7.04082870    
   1.78125000       7.15164185    
   1.79296875       7.26392269    
   1.80468750       7.37768030    
   1.81640625       7.49292612    
   1.82812500       7.60966873    
   1.83984375       7.72791672    
   1.85156250       7.84768105    
   1.86328125       7.96897173    
   1.87500000       8.09179688    
   1.88671875       8.21616745    
   1.89843750       8.34209251    
   1.91015625       8.46958160    
   1.92187500       8.59864426    
   1.93359375       8.72929096    
   1.94531250       8.86153126    
   1.95703125       8.99537373    
   1.96875000       9.13082886    
   1.98046875       9.26790619    
   1.99218750       9.40661621    
   2.00390625       9.54696655    
   2.01562500       9.68896866    
   2.02734375       9.83263111    
   2.03906250       9.97796535    
   2.05078125       10.1249781    
   2.06250000       10.2736816    
   2.07421875       10.4240847    
   2.08593750       10.5761957    
   2.09765625       10.7300272    
   2.10937500       10.8855858    
   2.12109375       11.0428829    
   2.13281250       11.2019272    
   2.14453125       11.3627300    
   2.15625000       11.5252991    
   2.16796875       11.6896448    
   2.17968750       11.8557758    
   2.19140625       12.0237055    
   2.20312500       12.1934395    
   2.21484375       12.3649883    
   2.22656250       12.5383625    
   2.23828125       12.7135715    
   2.25000000       12.8906250    
   2.26171875       13.0695324    
   2.27343750       13.2503033    
   2.28515625       13.4329472    
   2.29687500       13.6174736    
   2.30859375       13.8038931    
   2.32031250       13.9922161    
   2.33203125       14.1824493    
   2.34375000       14.3746033    
   2.35546875       14.5686893    
   2.36718750       14.7647171    
   2.37890625       14.9626942    
   2.39062500       15.1626320    
   2.40234375       15.3645401    
   2.41406250       15.5684271    
   2.42578125       15.7743015    
   2.43750000       15.9821777    
   2.44921875       16.1920624    
   2.46093750       16.4039612    
   2.47265625       16.6178932    
   2.48437500       16.8338585    
   2.49609375       17.0518723    
   2.50781250       17.2719421    
   2.51953125       17.4940796    
   2.53125000       17.7182922    
   2.54296875       17.9445915    
   2.55468750       18.1729851    
   2.56640625       18.4034843    
   2.57812500       18.6360970    
   2.58984375       18.8708344    
   2.60156250       19.1077061    
   2.61328125       19.3467216    
   2.62500000       19.5878906    
   2.63671875       19.8312225    
   2.64843750       20.0767269    
   2.66015625       20.3244133    
   2.67187500       20.5742912    
   2.68359375       20.8263702    
   2.69531250       21.0806618    
   2.70703125       21.3371735    
   2.71875000       21.5959167    
   2.73046875       21.8568993    
   2.74218750       22.1201324    
   2.75390625       22.3856239    
   2.76562500       22.6533852    
   2.77734375       22.9234238    
   2.78906250       23.1957531    
   2.80078125       23.4703808    
   2.81250000       23.7473145    
   2.82421875       24.0265675    
   2.83593750       24.3081455    
   2.84765625       24.5920601    
   2.85937500       24.8783226    
   2.87109375       25.1669407    
   2.88281250       25.4579239    
   2.89453125       25.7512836    
   2.90625000       26.0470276    
   2.91796875       26.3451653    
   2.92968750       26.6457081    
   2.94140625       26.9486656    
   2.95312500       27.2540474    
   2.96484375       27.5618610    
   2.97656250       27.8721180    
   2.98828125       28.1848278    
   3.00000000       28.5000000    
