   9.99999885E-03  0.523108840      -9.79722738E-02  0.523085773    
   1.99999977E-02  0.521639884     -0.195778191      0.521547616    
   2.99999975E-02  0.519194365     -0.293251425      0.518987417    
   3.99999954E-02  0.515776515     -0.390225619      0.515410185    
   4.99999933E-02  0.511392117     -0.486534476      0.510822892    
   5.99999912E-02  0.506048620     -0.582011759      0.505234599    
   6.99999928E-02  0.499755204     -0.676491261      0.498656154    
   7.99999908E-02  0.492522687     -0.769807041      0.491100550    
   8.99999887E-02  0.484363496     -0.861793339      0.482582510    
   9.99999866E-02  0.475291789     -0.952284873      0.473118782    
  0.109999985      0.465323329      -1.04111683      0.462727875    
  0.119999982      0.454475522      -1.12812531      0.451430202    
  0.129999980      0.442767441      -1.21314716      0.439247817    
  0.139999986      0.430219740      -1.29602075      0.426204681    
  0.149999991      0.416854709      -1.37658572      0.412326276    
  0.159999996      0.402696252      -1.45468378      0.397639900    
  0.170000002      0.387769789      -1.53015900      0.382174224    
  0.180000007      0.372102320      -1.60285807      0.365959674    
  0.190000013      0.355722368      -1.67263079      0.349027902    
  0.200000018      0.338659942      -1.73933077      0.331412166    
  0.210000023      0.320946485      -1.80281568      0.313146919    
  0.220000029      0.302614808      -1.86294794      0.294268101    
  0.230000034      0.283699125      -1.91959524      0.274812549    
  0.240000039      0.264234930      -1.97263110      0.254818469    
  0.250000030      0.244258940      -2.02193522      0.234325036    
  0.260000020      0.223809049      -2.06739473      0.213372439    
  0.270000011      0.202924222      -2.10890388      0.192001671    
  0.280000001      0.181644469      -2.14636517      0.170254618    
  0.289999992      0.160010710      -2.17968941      0.148173943    
  0.299999982      0.138064742      -2.20879698      0.125802919    
  0.309999973      0.115849070      -2.23361731      0.103185356    
  0.319999963       9.34068859E-02  -2.25408983       8.03655833E-02
  0.329999954       7.07819313E-02  -2.27016449       5.73883243E-02
  0.339999944       4.80183885E-02  -2.28180170       3.42985317E-02
  0.349999934       2.51607876E-02  -2.28897262       1.11415945E-02
  0.359999925       2.25388631E-03  -2.29165959      -1.20371794E-02
  0.369999915      -2.06574313E-02  -2.28985572      -3.51923630E-02
  0.379999906      -4.35282700E-02  -2.28356576      -5.82785830E-02
  0.389999896      -6.63138404E-02  -2.27280521      -8.12506005E-02
  0.399999887      -8.89695585E-02  -2.25760055     -0.104063444    
  0.409999877     -0.111451164      -2.23798943     -0.126672298    
  0.419999868     -0.133714825      -2.21402001     -0.149032921    
  0.429999858     -0.155717239      -2.18575048     -0.171101481    
  0.439999849     -0.177415729      -2.15324950     -0.192834735    
  0.449999839     -0.198768377      -2.11659527     -0.214190111    
  0.459999830     -0.219734073      -2.07587481     -0.235125780    
  0.469999820     -0.240272626      -2.03118420     -0.255600572    
  0.479999810     -0.260344863      -1.98262751     -0.275574595    
  0.489999801     -0.279912651      -1.93031645     -0.295008600    
  0.499999791     -0.298939049      -1.87436974     -0.313864321    
  0.509999812     -0.317388326      -1.81491268     -0.332105100    
  0.519999802     -0.335226029      -1.75207651     -0.349695086    
  0.529999793     -0.352419049      -1.68599784     -0.366599649    
  0.539999783     -0.368935645      -1.61681807     -0.382785887    
  0.549999774     -0.384745538      -1.54468286     -0.398221970    
  0.559999764     -0.399819940      -1.46974170     -0.412877619    
  0.569999754     -0.414131522      -1.39214730     -0.426724255    
  0.579999745     -0.427654564      -1.31205511     -0.439734548    
  0.589999735     -0.440364838      -1.22962308     -0.451883197    
  0.599999726     -0.452239752      -1.14501107     -0.463146269    
  0.609999716     -0.463258326      -1.05838048     -0.473501682    
  0.619999707     -0.473401189     -0.969894230     -0.482929230    
  0.629999697     -0.482650578     -0.879716158     -0.491410345    
  0.639999688     -0.490990430     -0.788010836     -0.498928517    
  0.649999678     -0.498406261     -0.694943488     -0.505468845    
  0.659999669     -0.504885316     -0.600679815     -0.511018753    
  0.669999659     -0.510416448     -0.505385697     -0.515567183    
  0.679999650     -0.514990151     -0.409227282     -0.519105256    
  0.689999640     -0.518598676     -0.312370807     -0.521626055    
  0.699999630     -0.521235824     -0.214982599     -0.523124576    
  0.709999621     -0.522897124     -0.117228985     -0.523598015    
  0.719999611     -0.523579776      -1.92762986E-02 -0.523045361    
  0.729999602     -0.523282588       7.87091106E-02 -0.521467686    
  0.739999592     -0.522006035      0.176560894     -0.518868089    
  0.749999583     -0.519752324      0.274112701     -0.515251756    
  0.759999573     -0.516525328      0.371198207     -0.510625660    
  0.769999564     -0.512330472      0.467651069     -0.504998922    
  0.779999554     -0.507174969      0.563305020     -0.498382449    
  0.789999545     -0.501067579      0.657993913     -0.490789384    
  0.799999535     -0.494018853      0.751551688     -0.482234538    
  0.809999526     -0.486040890      0.843812585     -0.472734630    
  0.819999516     -0.477147490      0.934611201     -0.462308377    
  0.829999506     -0.467354089       1.02378261     -0.450976074    
  0.839999497     -0.456677794       1.11116266     -0.438760102    
  0.849999487     -0.445137352       1.19658816     -0.425684214    
  0.859999478     -0.432753086       1.27989697     -0.411774099    
  0.869999468     -0.419546992       1.36092865     -0.397057146    
  0.879999459     -0.405542642       1.43952441     -0.381561995    
  0.889999449     -0.390765160       1.51552773     -0.365319192    
  0.899999440     -0.375241250       1.58878481     -0.348360389    
  0.909999430     -0.358999133       1.65914488     -0.330718935    
  0.919999421     -0.342068493       1.72646070     -0.312429339    
  0.929999411     -0.324480534       1.79058909     -0.293527722    
  0.939999402     -0.306267798       1.85139143     -0.274050683    
  0.949999392     -0.287464231       1.90873444     -0.254036546    
  0.959999382     -0.268105060       1.96249032     -0.233524606    
  0.969999373     -0.248226777       2.01253772     -0.212555036    
  0.979999363     -0.227867052       2.05876207     -0.191169158    
  0.989999354     -0.207064644       2.10105610     -0.169408411    
  0.999999344     -0.185859367       2.13932085     -0.147315681    
   1.00999939     -0.164291963       2.17346549     -0.124934264    
   1.01999938     -0.142404065       2.20340824     -0.102308013    
   1.02999938     -0.120238051       2.22907686      -7.94812590E-02
   1.03999937      -9.78369862E-02   2.25040889      -5.64987585E-02
   1.04999936      -7.52445087E-02   2.26735210      -3.34057845E-02
   1.05999935      -5.25047183E-02   2.27986479      -1.02471011E-02
   1.06999934      -2.96620876E-02   2.28791595       1.29316673E-02
   1.07999933      -6.76134042E-03   2.29148579       3.60850953E-02
   1.08999932       1.61526576E-02   2.29056525       5.91678061E-02
   1.09999931       3.90349999E-02   2.28515673       8.21343139E-02
   1.10999930       6.18408695E-02   2.27527380      0.104940124    
   1.11999929       8.45256373E-02   2.26094055      0.127540275    
   1.12999928      0.107044965       2.24219275      0.149890497    
   1.13999927      0.129354924       2.21907616      0.171946973    
   1.14999926      0.151412100       2.19164729      0.193666250    
   1.15999925      0.173173711       2.15997291      0.215006247    
   1.16999924      0.194597661       2.12412906      0.235924900    
   1.17999923      0.215642676       2.08420110      0.256381214    
   1.18999922      0.236268386       2.04028344      0.276335120    
   1.19999921      0.256435394       1.99247861      0.295747250    
   1.20999920      0.276105374       1.94089687      0.314580053    
   1.21999919      0.295241147       1.88565552      0.332796335    
   1.22999918      0.313806713       1.82687879      0.350360483    
   1.23999918      0.331767380       1.76469660      0.367237866    
   1.24999917      0.349089742       1.69924474      0.383395702    
   1.25999916      0.365741819       1.63066351      0.398802280    
   1.26999915      0.381693065       1.55909801      0.413427263    
   1.27999914      0.396914333       1.48469675      0.427242130    
   1.28999913      0.411378056       1.40761197      0.440219551    
   1.29999912      0.425058156       1.32799864      0.452334434    
   1.30999911      0.437930137       1.24601424      0.463562876    
   1.31999910      0.449971080       1.16181827      0.473882884    
   1.32999909      0.461159676       1.07557189      0.483274251    
   1.33999908      0.471476227      0.987437725      0.491718471    
   1.34999907      0.480902672      0.897579432      0.499199152    
   1.35999906      0.489422619      0.806161463      0.505701542    
   1.36999905      0.497021258      0.713348985      0.511212945    
   1.37999904      0.503685474      0.619307518      0.515722513    
   1.38999903      0.509403825      0.524202943      0.519221425    
   1.39999902      0.514166534      0.428201407      0.521702826    
   1.40999901      0.517965436      0.331469119      0.523161888    
   1.41999900      0.520794034      0.234172374      0.523595750    
   1.42999899      0.522647560      0.136477500      0.523003459    
   1.43999898      0.523522854       3.85508463E-02  0.521386325    
   1.44999897      0.523418367      -5.94412684E-02  0.518747389    
   1.45999897      0.522334337     -0.157332450      0.515091836    
   1.46999896      0.520272613     -0.254956394      0.510426939    
   1.47999895      0.517236650     -0.352146745      0.504761815    
   1.48999894      0.513231635     -0.448737174      0.498107433    
   1.49999893      0.508264422     -0.544561386      0.490476936    
   1.50999892      0.502343476     -0.639453173      0.481885254    
   1.51999891      0.495478988     -0.733246505      0.472349256    
   1.52999890      0.487682760     -0.825775564      0.461887717    
   1.53999889      0.478968263     -0.916874826      0.450520843    
   1.54999888      0.469350606      -1.00637925      0.438271165    
   1.55999887      0.458846539      -1.09412456      0.425162584    
   1.56999886      0.447474509      -1.17994726      0.411220849    
   1.57999885      0.435254544      -1.26368511      0.396473378    
   1.58999884      0.422208309      -1.34517717      0.380948812    
   1.59999883      0.408359021      -1.42426443      0.364677697    
   1.60999882      0.393731564      -1.50078988      0.347691894    
   1.61999881      0.378352284      -1.57459915      0.330024779    
   1.62999880      0.362249136      -1.64554071      0.311711103    
   1.63999879      0.345451534      -1.71346664      0.292786360    
   1.64999878      0.327990353      -1.77823305      0.273287863    
   1.65999877      0.309897870      -1.83970034      0.253253788    
   1.66999876      0.291207790      -1.89773405      0.232723668    
   1.67999876      0.271955073      -1.95220530      0.211737260    
   1.68999875      0.252175957      -2.00299144      0.190335900    
   1.69999874      0.231907904      -2.04997635      0.168561548    
   1.70999873      0.211189464      -2.09305167      0.146456882    
   1.71999872      0.190060243      -2.13211632      0.124065429    
   1.72999871      0.168560818      -2.16707802      0.101430610    
   1.73999870      0.146732643      -2.19785333       7.85970166E-02
   1.74999869      0.124617957      -2.22436786       5.56094088E-02
   1.75999868      0.102259703      -2.24655724       3.25128175E-02
   1.76999867       7.97014162E-02  -2.26436734       9.35276411E-03
   1.77999866       5.69871068E-02  -2.27775431      -1.38258683E-02
   1.78999865       3.41611877E-02  -2.28668499      -3.69774103E-02
   1.79999864       1.12683401E-02  -2.29113722      -6.00564815E-02
   1.80999863      -1.16465893E-02  -2.29110026      -8.30176175E-02
   1.81999862      -3.45386975E-02  -2.28657389     -0.105816558    
   1.82999861      -5.73631376E-02  -2.27756929     -0.128407642    
   1.83999860      -8.00752267E-02  -2.26410913     -0.150747091    
   1.84999859     -0.102630571      -2.24622631     -0.172791600    
   1.85999858     -0.124985151      -2.22396493     -0.194497034    
   1.86999857     -0.147095442      -2.19737935     -0.215821758    
   1.87999856     -0.168918535      -2.16653442     -0.236723110    
   1.88999856     -0.190412179      -2.13150430     -0.257160544    
   1.89999855     -0.211534947      -2.09237266     -0.277094483    
   1.90999854     -0.232246265      -2.04923201     -0.296484947    
   1.91999853     -0.252506554      -2.00218344     -0.315294832    
   1.92999852     -0.272277266      -1.95133555     -0.333486438    
   1.93999851     -0.291520983      -1.89680445     -0.351024508    
   1.94999850     -0.310201496      -1.83871305     -0.367875069    
   1.95999849     -0.328283817      -1.77719021     -0.384004384    
   1.96999848     -0.345734298      -1.71237051     -0.399381459    
   1.97999847     -0.362520695      -1.64439356     -0.413975596    
   1.98999846     -0.378612131      -1.57340336     -0.427758455    
   1.99999845     -0.393979222      -1.49954796     -0.440703332    
   2.00999856     -0.408594042      -1.42297888     -0.452784568    
   2.01999855     -0.422430247      -1.34385061     -0.463978201    
   2.02999854     -0.435463041      -1.26232016     -0.474262863    
   2.03999853     -0.447669178      -1.17854655     -0.483617872    
   2.04999852     -0.459027022      -1.09269071     -0.492025197    
   2.05999851     -0.469516575      -1.00491500     -0.499468416    
   2.06999850     -0.479119450     -0.915382862     -0.505932748    
   2.07999849     -0.487818927     -0.824258685     -0.511405706    
   2.08999848     -0.495599866     -0.731707454     -0.515876412    
   2.09999847     -0.502448857     -0.637894630     -0.519336104    
   2.10999846     -0.508354127     -0.542986095     -0.521778166    
   2.11999846     -0.513305485     -0.447147876     -0.523197711    
   2.12999845     -0.517294526     -0.350546211     -0.523591876    
   2.13999844     -0.520314395     -0.253347367     -0.522960067    
   2.14999843     -0.522360027     -0.155717701     -0.521303356    
   2.15999842     -0.523427904      -5.78235090E-02 -0.518625081    
   2.16999841     -0.523516178       4.01688442E-02 -0.514930487    
   2.17999840     -0.522624731      0.138092995     -0.510226846    
   2.18999839     -0.520755112      0.235782623     -0.504523158    
   2.19999838     -0.517910421      0.333071381     -0.497830957    
   2.20999837     -0.514095545      0.429792941     -0.490162969    
   2.21999836     -0.509316981      0.525780976     -0.481534600    
   2.22999835     -0.503582895      0.620869279     -0.471962601    
   2.23999834     -0.496903121      0.714891791     -0.461465478    
   2.24999833     -0.489289165      0.807682574     -0.450064272    
   2.25999832     -0.480754137      0.899076104     -0.437780857    
   2.26999831     -0.471312851      0.988907218     -0.424639732    
   2.27999830     -0.460981756       1.07701147     -0.410666525    
   2.28999829     -0.449778944       1.16322517     -0.395888209    
   2.29999828     -0.437724113       1.24738586     -0.380334407    
   2.30999827     -0.424838603       1.32933235     -0.364034921    
   2.31999826     -0.411145359       1.40890515     -0.347022414    
   2.32999825     -0.396668911       1.48594677     -0.329329848    
   2.33999825     -0.381435364       1.56030238     -0.310991526    
   2.34999824     -0.365472317       1.63181984     -0.292044133    
   2.35999823     -0.348808914       1.70035052     -0.272524059    
   2.36999822     -0.331475735       1.76574957     -0.252470315    
   2.37999821     -0.313504815       1.82787657     -0.231921837    
   2.38999820     -0.294929564       1.88659596     -0.210918397    
   2.39999819     -0.275784701       1.94177783     -0.189502090    
   2.40999818     -0.256106228       1.99329817     -0.167713955    
   2.41999817     -0.235931337       2.04103971     -0.145597637    
   2.42999816     -0.215298399       2.08489227     -0.123195976    
   2.43999815     -0.194246799       2.12475348     -0.100552425    
   2.44999814     -0.172816947       2.16052914      -7.77123049E-02
   2.45999813     -0.151050121       2.19213414      -5.47193997E-02
   2.46999812     -0.128988415       2.21949220      -3.16197574E-02
   2.47999811     -0.106674649       2.24253702      -8.45815055E-03
   2.48999810      -8.41522440E-02   2.26121235       1.47205284E-02
   2.49999809      -6.14651293E-02   2.27547216       3.78698632E-02
   2.50999808      -3.86576429E-02   2.28528142       6.09454811E-02
   2.51999807      -1.57744214E-02   2.29061580       8.39011744E-02
   2.52999806       7.13971071E-03   2.29146218      0.106692433    
   2.53999805       3.00398525E-02   2.28781819      0.129275113    
   2.54999804       5.28811365E-02   2.27969313      0.151603982    
   2.55999804       7.56188408E-02   2.26710701      0.173636213    
   2.56999803       9.82085019E-02   2.25009108      0.195327699    
   2.57999802      0.120606028       2.22868705      0.216636419    
   2.58999801      0.142767787       2.20294738      0.237521052    
   2.59999800      0.164650723       2.17293453      0.257939786    
   2.60999799      0.186212465       2.13872123      0.277853042    
   2.61999798      0.207411408       2.10038924      0.297222197    
   2.62999797      0.228206813       2.05802941      0.316008508    
   2.63999796      0.248558894       2.01174116      0.334175944    
   2.64999795      0.268428892       1.96163166      0.351688087    
   2.65999794      0.287779152       1.90781558      0.368511051    
   2.66999793      0.306573242       1.85041451      0.384612232    
   2.67999792      0.324775934       1.78955615      0.399959326    
   2.68999791      0.342353284       1.72537410      0.414522946    
   2.69999790      0.359272778       1.65800691      0.428273946    
   2.70999789      0.375503272       1.58759785      0.441185683    
   2.71999788      0.391015083       1.51429427      0.453233093    
   2.72999787      0.405780017       1.43824685      0.464392066    
   2.73999786      0.419771403       1.35960960      0.474641204    
   2.74999785      0.432964116       1.27853906      0.483960003    
   2.75999784      0.445334613       1.19519401      0.492330372    
   2.76999784      0.456860960       1.10973501      0.499736130    
   2.77999783      0.467522800       1.02232409      0.506162405    
   2.78999782      0.477301478      0.933124483      0.511596918    
   2.79999781      0.486179888      0.842300415      0.516028702    
   2.80999780      0.494142622      0.750016809      0.519449294    
   2.81999779      0.501175880      0.656439066      0.521851957    
   2.82999778      0.507267594      0.561732948      0.523231924    
   2.83999777      0.512407303      0.466064483      0.523586571    
   2.84999776      0.516586244      0.369599879      0.522915125    
   2.85999775      0.519797206      0.272505373      0.521218956    
   2.86999774      0.522034764      0.174947321      0.518501341    
   2.87999773      0.523295164       7.70920441E-02  0.514767647    
   2.88999772      0.523576200      -2.08941251E-02  0.510025144    
   2.89999771      0.522877395     -0.118844844      0.504283190    
   2.90999770      0.521199942     -0.216593742      0.497553080    
   2.91999769      0.518546700     -0.313974470      0.489847749    
   2.92999768      0.514922202     -0.410820723      0.481182635    
   2.93999767      0.510332584     -0.506966174      0.471574366    
   2.94999766      0.504785717     -0.602244616      0.461042166    
   2.95999765      0.498291105     -0.696489871      0.449606508    
   2.96999764      0.490859896     -0.789535999      0.437289506    
   2.97999763      0.482504934     -0.881217420      0.424115807    
   2.98999763      0.473240674     -0.971368849      0.410110712    
   2.99999762      0.463083208      -1.05982578      0.395302236    
