  -31.1697292       1.47058590E-05   6.75005504E-05   7.52443593E-05   5.97567414E-05   6.77005664E-05   6.78407450E-05   6.75603733E-05   6.31037983E-05  -3.38858845E-05   6.36749974E-05  -1.99223286E-05
  -30.9242973       3.31732699E-05   8.19673369E-05   8.86903508E-05   7.52443302E-05   8.24781309E-05   8.26487521E-05   8.23075097E-05   5.47853451E-05  -6.78736469E-05   5.54804501E-05  -5.08787780E-05
  -30.6788673       5.49406250E-05   9.33687770E-05   9.80472105E-05   8.86903508E-05   9.42436964E-05   9.44371859E-05   9.40502214E-05   3.81242753E-05  -1.06420732E-04   3.89125489E-05  -8.71486627E-05
  -30.4334354       7.90046179E-05   9.95201044E-05   1.00992977E-04   9.80472250E-05   1.00792931E-04   1.00997349E-04   1.00588513E-04   1.20024351E-05  -1.47145605E-04   1.28352431E-05  -1.26783169E-04
  -30.1880054       1.03791419E-04   9.80338082E-05   9.50746398E-05   1.00992977E-04   9.97087045E-05   9.99063486E-05   9.95110458E-05  -2.41140642E-05  -1.86519028E-04  -2.33085138E-05  -1.66831334E-04
  -29.9425735       1.27125822E-04   8.64977119E-05   7.79204856E-05   9.50749381E-05   8.85399058E-05   8.87093920E-05   8.83703833E-05  -6.98952281E-05  -2.20300572E-04  -6.92046669E-05  -2.03417672E-04
  -29.6971436       1.46249920E-04   6.27081245E-05   4.74957596E-05   7.79204856E-05   6.50343063E-05   6.51488008E-05   6.49198046E-05  -1.23964535E-04  -2.43111979E-04  -1.23497768E-04  -2.31705286E-04
  -29.4517117       1.57906878E-04   2.49611276E-05   2.42673309E-06   4.74955195E-05   2.74325866E-05   2.74635058E-05   2.74017057E-05  -1.83631244E-04  -2.49255070E-04  -1.83505166E-04  -2.46178097E-04
  -29.2062817       1.58502473E-04  -2.76146784E-05  -5.76560888E-05   2.42673309E-06  -2.51943475E-05  -2.52762657E-05  -2.51124093E-05  -2.44805415E-04  -2.32923863E-04  -2.45139352E-04  -2.41084534E-04
  -28.9608498       1.44351827E-04  -9.47125664E-05  -1.31769106E-04  -5.76560305E-05  -9.25962813E-05  -9.28184600E-05  -9.23741463E-05  -3.01971188E-04  -1.88669495E-04  -3.02876579E-04  -2.10797909E-04
  -28.7154198       1.12011614E-04  -1.74506873E-04  -2.17244655E-04  -1.31769106E-04  -1.72996326E-04  -1.73379580E-04  -1.72613101E-04  -3.48267262E-04  -1.12289192E-04  -3.49828915E-04  -1.50462729E-04
  -28.4699879       5.86924907E-05  -2.63363647E-04  -3.09481780E-04  -2.17245528E-04  -2.62792804E-04  -2.63348833E-04  -2.62236746E-04  -3.75813455E-04  -1.47695835E-06  -3.78079043E-04  -5.68611758E-05
  -28.2245579      -1.72639120E-05  -3.55642580E-04  -4.01803409E-04  -3.09481780E-04  -3.56354896E-04  -3.57081619E-04  -3.55628144E-04  -3.76161333E-04   1.43338286E-04  -3.79122386E-04   7.09481392E-05
  -27.9791260      -1.15879782E-04  -4.43645753E-04  -4.85487282E-04  -4.01804224E-04  -4.45962622E-04  -4.46840015E-04  -4.45085228E-04  -3.40963801E-04   3.18174541E-04  -3.44538828E-04   2.30776597E-04
  -27.7336960      -2.35033382E-04  -5.17743465E-04  -5.49999648E-04  -4.85487282E-04  -5.21925511E-04  -5.22912887E-04  -5.20938076E-04  -2.62853398E-04   5.14916610E-04  -2.66876596E-04   4.16562310E-04
  -27.4882641      -3.70021531E-04  -5.66746050E-04  -5.83490648E-04  -5.50001510E-04  -5.72950579E-04  -5.73984813E-04  -5.71916462E-04  -1.36450370E-04   7.21031276E-04  -1.40663760E-04   6.18015300E-04
  -27.2428341      -5.13228180E-04  -5.78517211E-04  -5.73543832E-04  -5.83490648E-04  -5.86752431E-04  -5.87748655E-04  -5.85756148E-04   4.05275168E-05   9.19527432E-04   3.64676744E-05   8.20285233E-04
  -26.9974022      -6.53994561E-04  -5.40873152E-04  -5.08203870E-04  -5.73542377E-04  -5.50952856E-04  -5.51801757E-04  -5.50104014E-04   2.66219577E-04   1.08857686E-03   2.62761925E-04   1.00402068E-03
  -26.7519722      -7.78723508E-04  -4.42747463E-04  -3.77291086E-04  -5.08203870E-04  -4.54258610E-04  -4.54841822E-04  -4.53675457E-04   5.33399696E-04   1.20467436E-03   5.31024707E-04   1.14660000E-03
  -26.5065403      -8.71322933E-04  -2.75549712E-04  -1.73810971E-04  -3.77288467E-04  -2.87825736E-04  -2.88008712E-04  -2.87642615E-04   8.29062134E-04   1.24101515E-03   8.28315504E-04   1.22277788E-03
  -26.2611103      -9.13981523E-04  -3.46979723E-05   1.04415034E-04  -1.73810971E-04  -4.68109065E-05  -4.64667391E-05  -4.71553867E-05   1.13362249E-03   1.17224327E-03   1.13502599E-03   1.20654062E-03
  -26.0156784      -8.88353505E-04   2.78834807E-04   4.53247019E-04   1.04422623E-04   2.68053001E-04   2.69036216E-04   2.67069845E-04   1.42127310E-03   9.76022915E-04   1.42527907E-03   1.07394811E-03
  -25.7702484      -7.77112669E-04   6.57052035E-04   8.60857021E-04   4.53247019E-04   6.48961985E-04   6.50668982E-04   6.47254870E-04   1.66079320E-03   6.35791919E-04   1.66774960E-03   8.05836578E-04
  -25.5248165      -5.65829978E-04   1.08380907E-03   1.30675780E-03   8.60860338E-04   1.07989134E-03   1.08235504E-03   1.07742765E-03   1.81679369E-03   1.44825593E-04   1.82683207E-03   3.90227069E-04
  -25.2793865      -2.45111209E-04   1.53406046E-03   1.76136335E-03   1.30675780E-03   1.53580180E-03   1.53899542E-03   1.53260864E-03   1.85227487E-03  -4.91541170E-04   1.86528545E-03  -1.73453285E-04
  -25.0339546       1.87185680E-04   1.97385531E-03   2.18634470E-03   1.76136591E-03   1.98261137E-03   1.98643096E-03   1.97879155E-03   1.73156173E-03  -1.25264178E-03   1.74712494E-03  -8.72154487E-04
  -24.7885246       7.23782287E-04   2.36109644E-03   2.53584818E-03   2.18634470E-03   2.37793056E-03   2.38218764E-03   2.37367349E-03   1.42404065E-03  -2.10083416E-03   1.44138513E-03  -1.67680101E-03
  -24.5430927       1.34616299E-03   2.64731701E-03   2.75878352E-03   2.53585028E-03   2.67282198E-03   2.67723482E-03   2.66840914E-03   9.08334274E-04  -2.98003643E-03   9.26316192E-04  -2.54048267E-03
  -24.2976627       2.02325382E-03   2.78048427E-03   2.80218478E-03   2.75878352E-03   2.81461305E-03   2.81882356E-03   2.81040347E-03   1.76836795E-04  -3.81885818E-03   1.93988672E-04  -3.39949457E-03
  -24.0522308       2.71100318E-03   2.70885811E-03   2.61552632E-03   2.80218967E-03   2.75076530E-03   2.75433110E-03   2.74719927E-03  -7.60552823E-04  -4.52948315E-03  -7.46028032E-04  -4.17427300E-03
  -23.8068008       3.35293426E-03   2.38577556E-03   2.15602457E-03   2.61552632E-03   2.43369094E-03   2.43613659E-03   2.43124529E-03  -1.87222438E-03  -5.01636276E-03  -1.86226272E-03  -4.77274181E-03
  -23.5613689       3.88208940E-03   1.77517778E-03   1.39435555E-03   2.15599989E-03   1.82635093E-03   1.82717398E-03   1.82552624E-03  -3.10329068E-03  -5.17927017E-03  -3.09993932E-03  -5.09721832E-03
  -23.3159389       4.22430737E-03   8.57542211E-04   3.20728839E-04   1.39435555E-03   9.08259943E-04   9.06984671E-04   9.09535098E-04  -4.37445147E-03  -4.92489291E-03  -4.37965291E-03  -5.05186105E-03
  -23.0705070       4.30302415E-03  -3.64415610E-04  -1.04955246E-03   3.20721272E-04  -3.18728067E-04  -3.22479289E-04  -3.14976962E-04  -5.58313401E-03  -4.17714752E-03  -5.59841841E-03  -4.55083093E-03
  -22.8250771       4.04543150E-03  -1.86048553E-03  -2.67141871E-03  -1.04955246E-03  -1.82504777E-03  -1.83154107E-03  -1.81855483E-03  -6.60823844E-03  -2.88306992E-03  -6.63469732E-03  -3.52986460E-03
  -22.5796471       3.38978274E-03  -3.56916501E-03  -4.46691131E-03  -2.67141871E-03  -3.54951038E-03  -3.55879287E-03  -3.54022742E-03  -7.31567480E-03  -1.03317597E-03  -7.35349441E-03  -1.95779232E-03
  -22.3342152       2.29345448E-03  -5.39576216E-03  -6.32459763E-03  -4.46692668E-03  -5.39731141E-03  -5.40922536E-03  -5.38539700E-03  -7.56901596E-03   1.34102500E-03  -7.61756208E-03   1.54312380E-04
  -22.0887833       7.41188996E-04  -7.21302489E-03  -8.10143445E-03  -6.32461626E-03  -7.24058272E-03  -7.25466711E-03  -7.22649740E-03  -7.23958248E-03   4.14791703E-03  -7.29696872E-03   2.74493569E-03
  -21.8433533      -1.24715338E-03  -8.86487402E-03  -9.62831452E-03  -8.10143445E-03  -8.92203487E-03  -8.93754512E-03  -8.90652463E-03  -6.22122688E-03   7.23857433E-03  -6.28441945E-03   5.69361588E-03
  -21.5979233      -3.61023960E-03  -1.01736998E-02  -1.07190832E-02  -9.62831452E-03  -1.02622714E-02  -1.02781663E-02  -1.02463765E-02  -4.44429740E-03   1.04057873E-02  -4.50906483E-03   8.82244855E-03
  -21.3524914      -6.24105567E-03  -1.09510226E-02  -1.11829564E-02  -1.07190888E-02  -1.10704741E-02  -1.10854581E-02  -1.10554928E-02  -1.89001625E-03   1.33906584E-02  -1.95105292E-03   1.18983490E-02
  -21.1070595      -8.98571312E-03  -1.10115446E-02  -1.08401654E-02  -1.11829229E-02  -1.11585185E-02  -1.11710755E-02  -1.11459615E-02   1.39655848E-03   1.58904623E-02   1.34538719E-03   1.46397417E-02
  -20.8616295      -1.16462251E-02  -1.01901535E-02  -9.54014063E-03  -1.08401654E-02  -1.03581948E-02  -1.03667090E-02  -1.03496807E-02   5.29690972E-03   1.75863113E-02   5.26221702E-03   1.67383235E-02
  -20.6161995      -1.39876707E-02  -8.36042967E-03  -7.18071917E-03  -9.54014063E-03  -8.53988063E-03  -8.54277331E-03  -8.53698980E-03   9.61339753E-03   1.81631017E-02   9.60157160E-03   1.78747699E-02
  -20.3707676      -1.57500561E-02  -5.45392931E-03  -3.72715830E-03  -7.18070008E-03  -5.63209224E-03  -5.62791619E-03  -5.63626736E-03   1.40713388E-02   1.73305478E-02   1.40883429E-02   1.77463833E-02
  -20.1253357      -1.66648217E-02  -1.47842674E-03   7.70335144E-04  -3.72718857E-03  -1.64010643E-03  -1.62778259E-03  -1.65243016E-03   1.83250085E-02   1.48768574E-02   1.83752310E-02   1.61045212E-02
  -19.8799057      -1.64757576E-02   3.46712279E-03   6.16391050E-03   7.70335144E-04   3.33886268E-03   3.35994316E-03   3.31778359E-03   2.19759401E-02   1.06757879E-02   2.20618509E-02   1.27756298E-02
  -19.6344757      -1.49629433E-02   9.18216910E-03   1.22004272E-02   6.16391050E-03   9.10483673E-03   9.13465954E-03   9.07501485E-03   2.45955829E-02   4.73218830E-03   2.47170962E-02   7.70285400E-03
  -19.3890438      -1.19685531E-02   1.53611768E-02   1.85218956E-02   1.22004580E-02   1.53514342E-02   1.53891891E-02   1.53136803E-02   2.57564820E-02  -2.79026921E-03   2.59102993E-02   9.70361172E-04
  -19.1436119      -7.42266420E-03   2.15985253E-02   2.46750861E-02   1.85219646E-02   2.16706172E-02   2.17146706E-02   2.16265693E-02   2.50706896E-02  -1.15688173E-02   2.52501704E-02  -7.18116947E-03
  -18.8981819      -1.36663474E-03   2.74030883E-02   3.01310923E-02   2.46750861E-02   2.75671091E-02   2.76149623E-02   2.75192596E-02   2.22303141E-02  -2.11043172E-02   2.24252809E-02  -1.63377952E-02
  -18.6527519       6.02846732E-03   3.22233289E-02   3.43155637E-02   3.01310923E-02   3.24835889E-02   3.25319543E-02   3.24352197E-02   1.70494802E-02  -3.07416171E-02   1.72465537E-02  -2.59238798E-02
  -18.4073200       1.44506386E-02   3.54817882E-02   3.66479829E-02   3.43155935E-02   3.58353406E-02   3.58802453E-02   3.57904322E-02   9.50325187E-03  -3.96894291E-02   9.68620833E-03  -3.52163427E-02
  -18.1618881       2.34452672E-02   3.66186686E-02   3.65892909E-02   3.66480462E-02   3.70542258E-02   3.70912887E-02   3.70171629E-02  -2.39400310E-04  -4.70765792E-02  -8.83501125E-05  -4.33848910E-02
  -17.9164581       3.24254110E-02   3.51419002E-02   3.36945094E-02   3.65892909E-02   3.56392972E-02   3.56640629E-02   3.56145278E-02  -1.17946863E-02  -5.20116761E-02  -1.16937496E-02  -4.95443791E-02
  -17.6710281       4.06950861E-02   3.06805782E-02   2.76666451E-02   3.36945094E-02   3.12108751E-02   3.12190428E-02   3.12027056E-02  -2.45603323E-02  -5.36352061E-02  -2.45270897E-02  -5.28215505E-02
  -17.4255962       4.74853627E-02   2.30371747E-02   1.84078850E-02   2.76664626E-02   2.35635135E-02   2.35514734E-02   2.35755518E-02  -3.77237611E-02  -5.12292683E-02  -3.77728008E-02  -5.24277017E-02
  -17.1801643       5.20032458E-02   1.22355428E-02   6.06336771E-03   1.84077192E-02   1.27149997E-02   1.26802251E-02   1.27497725E-02  -5.02966382E-02  -4.42944281E-02  -5.04382215E-02  -4.77574393E-02
  -16.9347343       5.34913838E-02  -1.44275336E-03  -8.94887466E-03   6.06336771E-03  -1.05669408E-03  -1.11524540E-03  -9.98135074E-04  -6.11668713E-02  -3.26233059E-02  -6.14054762E-02  -3.84548344E-02
  -16.6893044       5.12950532E-02  -1.74374431E-02  -2.59260125E-02  -8.94887466E-03  -1.71915740E-02  -1.72731765E-02  -1.71099771E-02  -6.91727698E-02  -1.63623001E-02  -6.95052594E-02  -2.44902838E-02
  -16.4438725       4.49319556E-02  -3.49072702E-02  -4.38885279E-02  -2.59260125E-02  -3.48447710E-02  -3.49465348E-02  -3.47430073E-02  -7.31876642E-02   3.91191896E-03  -7.36023560E-02  -6.22544298E-03
  -16.1984406       3.41602564E-02  -5.27519621E-02  -6.16153516E-02  -4.38885726E-02  -5.29082268E-02  -5.30252643E-02  -5.27911969E-02  -7.22271502E-02   2.72221509E-02  -7.27039427E-02   1.55653339E-02
  -15.9530106       1.90380160E-02  -6.96586967E-02  -7.77023360E-02  -6.16150536E-02  -7.00570717E-02  -7.01822937E-02  -6.99318349E-02  -6.55470639E-02   5.21546751E-02  -6.60572797E-02   3.96807976E-02
  -15.7075796      -3.25397887E-05  -8.41751695E-02  -9.06480104E-02  -7.77023360E-02  -8.48232359E-02  -8.49477053E-02  -8.46987739E-02  -5.27467318E-02   7.69502372E-02  -5.32538407E-02   6.45523965E-02
  -15.4621487      -2.22803652E-02  -9.48032439E-02  -9.89584848E-02  -9.06480104E-02  -9.56895277E-02  -9.58032608E-02  -9.55757871E-02  -3.38607654E-02   9.96096060E-02  -3.43242250E-02   8.82801786E-02
  -15.2167187      -4.65677455E-02 -0.100113630     -0.101268798      -9.89584550E-02 -0.101205811     -0.101297967     -0.101113640      -9.41336062E-03  0.117969133      -9.78889130E-03  0.108790122    
  -14.9712868      -7.14223385E-02  -9.88708809E-02  -9.64729488E-02 -0.101268813     -0.100115322     -0.100175403     -0.100055248       1.95405316E-02  0.129939362       1.92958843E-02  0.123955250    
  -14.7258568      -9.50997099E-02  -9.01614875E-02  -8.38499367E-02  -9.64730382E-02  -9.14843306E-02  -9.15026069E-02  -9.14660543E-02   5.14324121E-02  0.133587569       5.13580330E-02  0.131765231    
  -14.4804249     -0.115679182      -7.35148638E-02  -6.31796718E-02  -8.38500559E-02  -7.48252273E-02  -7.47943595E-02  -7.48560876E-02   8.42206702E-02  0.127445221       8.43465775E-02  0.130521938    
  -14.2349949     -0.131185412      -4.90061790E-02  -3.48323248E-02  -6.31800368E-02  -5.02011850E-02  -5.01165800E-02  -5.02858050E-02  0.115501650      0.110604659      0.115846366      0.119031996    
  -13.9895630     -0.139734387      -1.73272770E-02   1.77892827E-04  -3.48324478E-02  -1.82985906E-02  -1.81593876E-02  -1.84377767E-02  0.142648444       8.28814283E-02  0.143215775       9.67490897E-02
  -13.7441330     -0.139690727       2.01791190E-02   4.01805267E-02   1.77710681E-04   1.95372086E-02   1.97274089E-02   1.93470083E-02  0.162990108       4.49936800E-02  0.163765237       6.39390647E-02
  -13.4987011     -0.129829124       6.15372136E-02   8.28936547E-02   4.01807688E-02   6.13188185E-02   6.15521148E-02   6.10855259E-02  0.174032211      -1.48367928E-03  0.174982384       2.17537414E-02
  -13.2532711     -0.109484561      0.104205243      0.125517026       8.28934759E-02  0.104483806      0.104747482      0.104220167      0.173668191      -5.40104099E-02  0.174742535      -2.77470443E-02
  -13.0078392      -7.86786377E-02  0.145202264      0.164887249      0.125517264      0.146021932      0.146299303      0.145744532      0.160411686     -0.109274939      0.161542058      -8.16448182E-02
  -12.7624092      -3.82103808E-02  0.181280985      0.197674781      0.164887205      0.182649389      0.182920694      0.182378098      0.133591846     -0.163325161      0.134697169     -0.136302441    
  -12.5169773       1.03053264E-02  0.209149614      0.220624343      0.197674885      0.211032629      0.211275935      0.210789308       9.35067534E-02 -0.211798236       9.44981351E-02 -0.187562451    
  -12.2715473       6.44531399E-02  0.225720003      0.230815724      0.220624253      0.228039369      0.228232414      0.227846310       4.15247902E-02 -0.250252932       4.23112251E-02 -0.231026098    
  -12.0261154      0.121102706      0.228374198      0.225932568      0.230815828      0.231008515      0.231130332      0.230886653      -1.98966339E-02 -0.274531066      -1.94000211E-02 -0.262396038    
  -11.7806854      0.176553383      0.215222687      0.204512462      0.225932911      0.218011871      0.218044847      0.217978939      -8.72770250E-02 -0.281104803      -8.71426165E-02 -0.277824998    
  -11.5352535      0.226747245      0.185335785      0.166159064      0.204512522      0.188089311      0.188020647      0.188157991     -0.156269833     -0.267431170     -0.156549811     -0.274272025    
  -11.2898235      0.267527699      0.138927981      0.111696661      0.166159302      0.141436711      0.141260445      0.141612828     -0.221906215     -0.232334897     -0.222624213     -0.249888077    
  -11.0443916      0.294941634       7.74675310E-02   4.32384014E-02  0.111696661       7.95178339E-02   7.92354941E-02   7.98001513E-02 -0.278930843     -0.176102251     -0.280081570     -0.204224616    
  -10.7989616      0.305553645       3.70599935E-03  -3.58267650E-02   4.32387628E-02   5.09620458E-03   4.71840985E-03   5.47391828E-03 -0.322149813     -0.100843824     -0.323689431     -0.138471022    
  -10.5535297      0.296760499      -7.83970654E-02 -0.120966636      -3.58274952E-02  -7.78396353E-02  -7.82943889E-02  -7.73848146E-02 -0.346896559      -1.02234771E-02 -0.348749071      -5.55235706E-02
  -10.3080997      0.267071694     -0.163843974     -0.206721306     -0.120966636     -0.164246410     -0.164751261     -0.163741484     -0.349404454       9.03754160E-02 -0.351461321       4.00865525E-02
  -10.0626678      0.216335669     -0.246876910     -0.287032187     -0.206721604     -0.248306200     -0.248828128     -0.247784317     -0.327222794      0.194359720     -0.329349130      0.142370597    
  -9.81723785      0.145889401     -0.321333498     -0.355635136     -0.287031829     -0.323785663     -0.324286699     -0.323284715     -0.279521912      0.294161588     -0.281563580      0.244258001    
  -9.57180595       5.86051606E-02 -0.381077409     -0.406519413     -0.355635375     -0.384470969     -0.384911358     -0.384030581     -0.207325175      0.381887138     -0.209119618      0.338024378    
  -9.32637596      -4.11668718E-02 -0.420459569     -0.434399843     -0.406519294     -0.424634486     -0.424975455     -0.424293458     -0.113598324      0.449816883     -0.114987843      0.415852517    
  -9.08094406     -0.147782460     -0.434792519     -0.435185045     -0.434399962     -0.439515680     -0.439722896     -0.439308435      -3.19909560E-03  0.491105884      -4.04360378E-03  0.470462382    
  -8.83551407     -0.254589915     -0.420786589     -0.406388074     -0.435185105     -0.425763190     -0.425809473     -0.425717026      0.117332496      0.500312388      0.117143780      0.495706111    
  -8.59008217     -0.354330450     -0.376920909     -0.347454071     -0.406387717     -0.381811976     -0.381680310     -0.381943643      0.240123138      0.474071801      0.240659118      0.487187058    
  -8.34465218     -0.439606160     -0.303709209     -0.259964079     -0.347454309     -0.308154076     -0.307839483     -0.308468610      0.356476009      0.411406517      0.357757837      0.442739159    
  -8.09922028     -0.503409624     -0.203827903     -0.147691846     -0.259963959     -0.207469866     -0.206981361     -0.207958162      0.457448900      0.314112633      0.459438950      0.362763613    
  -7.85379028     -0.539657652      -8.20956603E-02  -1.64989829E-02 -0.147692338      -8.46097991E-02  -8.39702711E-02  -8.52492973E-02  0.534542859      0.186725870      0.537147880      0.250427306    
  -7.60835838     -0.543707013       5.47225066E-02  0.125943512      -1.64984968E-02   5.36023490E-02   5.43570481E-02   5.28476499E-02  0.580375135       3.64025533E-02  0.583449781      0.111576311    
  -7.36292839     -0.512796879      0.198260337      0.270578384      0.125942290      0.198716566      0.199538618      0.197894499      0.589314878     -0.127324268      0.592664063      -4.54427153E-02
  -7.11749649     -0.446388185      0.339062095      0.407545418      0.270578742      0.341173887      0.342007339      0.340340197      0.558066070     -0.293377399      0.561462343     -0.210345805    
  -6.87206650     -0.346364409      0.467192292      0.526839495      0.407545060      0.470922321      0.471707016      0.470137596      0.486061156     -0.449694902      0.489257932     -0.371538192    
  -6.62663460     -0.217061162      0.572943032      0.619046271      0.526839733      0.578132510      0.578807473      0.577457726      0.375692487     -0.584140718      0.378442705     -0.516915798    
  -6.38120461      -6.51286691E-02  0.647556126      0.676066279      0.619045973      0.653929234      0.654437959      0.653420508      0.232327268     -0.685488045      0.234400287     -0.634812117    
  -6.13577271      0.100799553      0.683930814      0.691795230      0.676066399      0.691108108      0.691403508      0.690812707       6.40868023E-02 -0.744335294       6.52902946E-02 -0.714911640    
  -5.89034271      0.270586848      0.677241623      0.662688076      0.691795230      0.684762418      0.684810579      0.684714317     -0.118596107     -0.753918707     -0.118399598     -0.749126971    
  -5.64491081      0.433231652      0.625427604      0.588167131      0.662688076      0.632780135      0.632563651      0.632996619     -0.303633064     -0.710799277     -0.304514468     -0.732367039    
  -5.39948082      0.577585518      0.529498816      0.470829964      0.588167608      0.536155879      0.535676658      0.536634982     -0.478088170     -0.615360022     -0.480041534     -0.663089693    
  -5.15404892      0.693142235      0.393627048      0.316424340      0.470829725      0.399084479      0.398363888      0.399805009     -0.629119515     -0.471822083     -0.632055938     -0.543599129    
  -4.90861893      0.770802319      0.225012079      0.133598849      0.316425323      0.228827819      0.227906331      0.229749009     -0.744920254     -0.288285315     -0.748673081     -0.380069852    
  -4.66318703      0.803591669       3.35017741E-02  -6.65945709E-02  0.133598119       3.53316627E-02   3.42671387E-02   3.63960639E-02 -0.815678358      -7.62320831E-02 -0.820015311     -0.182264760    
  -4.41775703      0.787247419     -0.168985799     -0.271377742      -6.65938482E-02 -0.169357762     -0.170495197     -0.168220446     -0.834385097      0.150339440     -0.839018166       3.70556973E-02
  -4.17232513      0.720642567     -0.369242847     -0.467106968     -0.271378726     -0.371883035     -0.373013943     -0.370752335     -0.797488093      0.375628889     -0.802097261      0.262984157    
  -3.92689514      0.606000602     -0.553657115     -0.640208006     -0.467106253     -0.558471143     -0.559514105     -0.557428122     -0.705297172      0.583398402     -0.709546089      0.479517668    
  -3.68146324      0.448873043     -0.709188342     -0.778167963     -0.640208721     -0.715921998     -0.716798663     -0.715045452     -0.562110186      0.758044183     -0.565681219      0.670728326    
  -3.43603325      0.257887334     -0.824316323     -0.870464921     -0.778167725     -0.832568645     -0.833210528     -0.831926763     -0.376061827      0.885927856     -0.378676832      0.821993053    
  -3.19060135       4.42474633E-02 -0.889931083     -0.909396946     -0.870465219     -0.899178922     -0.899532497     -0.898825407     -0.158625856      0.956370354     -0.160066634      0.921154141    
  -2.94517136     -0.178945810     -0.900058627     -0.890720427     -0.909396887     -0.909691393     -0.909722745     -0.909660041       7.60965198E-02  0.962617517       7.59687051E-02  0.959499002    
  -2.69973946     -0.397556990     -0.852389455     -0.814058602     -0.890720308     -0.861751795     -0.861450076     -0.862053692      0.312355608      0.902500331      0.313585639      0.932564974    
  -2.45430946     -0.597351432     -0.748546481     -0.683033884     -0.814059079     -0.756985188     -0.756363213     -0.757607162      0.533857107      0.778605044      0.536392987      0.840558708    
  -2.20887756     -0.764989674     -0.594070375     -0.505107343     -0.683033407     -0.600982308     -0.600077450     -0.601887345      0.724953830      0.598354161      0.728640318      0.688489676    
  -1.96344757     -0.888958275     -0.398123533     -0.291138798     -0.505108297     -0.403001368     -0.401871651     -0.404130995      0.871812403      0.373350948      0.876414061      0.485862613    
  -1.71801567     -0.960412920     -0.172908545      -5.46790324E-02 -0.291138053     -0.175379366     -0.174101874     -0.176656723      0.963445306      0.118859641      0.968649685      0.246107310    
  -1.47258568     -0.973832905       6.71292245E-02  0.188938454      -5.46800047E-02   6.72736242E-02   6.86115474E-02   6.59358278E-02  0.992615163     -0.147646248      0.998064756      -1.43912854E-02
  -1.22715378     -0.927461326      0.306302071      0.423664957      0.188939184      0.309088051      0.310391933      0.307784200      0.956382155     -0.407382846      0.961694121     -0.277506471    
 -0.981723785     -0.823481381      0.528757095      0.633850455      0.423663735      0.534024060      0.535201550      0.532846749      0.856398761     -0.641902924      0.861195266     -0.524636865    
 -0.736291885     -0.667914152      0.719611585      0.805371940      0.633851230      0.727022290      0.727988601      0.726055801      0.698855460     -0.834415376      0.702792704     -0.738156140    
 -0.490861893     -0.470251799      0.866000891      0.926630199      0.805371463      0.875063837      0.875749826      0.874378026      0.494064599     -0.971078157      0.496859252     -0.902748287    
 -0.245429993     -0.242827147      0.958012760      0.989394784      0.926630616      0.968117654      0.968473434      0.967761755      0.255730480      -1.04196620      0.257180512      -1.00652623    
   0.00000000       0.00000000      0.989394665      0.989394665      0.989394665      0.999855399      0.999855399      0.999855399       0.00000000      -1.04196823       4.12297076E-08  -1.04197121    
  0.245429993      0.242827147      0.958012760      0.926630616      0.989394784      0.968117654      0.967761755      0.968473434     -0.255730748     -0.971084177     -0.257180035      -1.00652719    
  0.490861893      0.470251799      0.866000891      0.805371463      0.926630199      0.875063956      0.874378026      0.875749826     -0.494064838     -0.834420383     -0.496859282     -0.902748287    
  0.736291885      0.667914152      0.719611585      0.633851230      0.805371940      0.727022231      0.726055801      0.727988601     -0.698855460     -0.641896904     -0.702791274     -0.738156617    
  0.981721878      0.823480427      0.528758705      0.423665196      0.633852184      0.534025669      0.532848418      0.535202980     -0.856399775     -0.407354623     -0.861196458     -0.524635851    
   1.22715569      0.927461922      0.306300133      0.188937247      0.423662990      0.309085995      0.307781786      0.310390323     -0.956382155     -0.147609964     -0.961695313     -0.277500421    
   1.47258568      0.973832905       6.71292245E-02  -5.46800047E-02  0.188938454       6.72737435E-02   6.59358278E-02   6.86115474E-02 -0.992616117      0.118859641     -0.998065412      -1.43912854E-02
   1.71801567      0.960412920     -0.172908545     -0.291138053      -5.46790324E-02 -0.175379366     -0.176656723     -0.174101874     -0.963444293      0.373359025     -0.968649864      0.246103272    
   1.96344566      0.888958991     -0.398121953     -0.505106330     -0.291137576     -0.402999789     -0.404129028     -0.401870430     -0.871808469      0.598350108     -0.876410186      0.485862613    
   2.20887947      0.764988542     -0.594071686     -0.683034897     -0.505108535     -0.600983739     -0.601888657     -0.600078762     -0.724954844      0.778641343     -0.728641748      0.688487649    
   2.45430946      0.597351432     -0.748546481     -0.814059079     -0.683033884     -0.756985128     -0.757607162     -0.756363213     -0.533857584      0.902514398     -0.536392272      0.840557694    
   2.69973946      0.397556990     -0.852389455     -0.890720308     -0.814058602     -0.861751795     -0.862053692     -0.861450076     -0.312355608      0.962624609     -0.313586116      0.932564497    
   2.94516945      0.178947523     -0.900058508     -0.909396887     -0.890720129     -0.909691334     -0.909659982     -0.909722805      -7.60978833E-02  0.956370354      -7.59702697E-02  0.959499002    
   3.19060326      -4.42491770E-02 -0.889930785     -0.870464683     -0.909396827     -0.899178624     -0.898824990     -0.899532139      0.158627838      0.885931909      0.160068199      0.921151102    
   3.43603325     -0.257887334     -0.824316323     -0.778167725     -0.870464921     -0.832568645     -0.831926763     -0.833210528      0.376061946      0.758059323      0.378676981      0.821992576    
   3.68146324     -0.448873043     -0.709188342     -0.640208721     -0.778167963     -0.715921998     -0.715045452     -0.716798663      0.562110662      0.583408475      0.565682828      0.670727849    
   3.92689323     -0.605999470     -0.553658485     -0.467107952     -0.640208960     -0.558472514     -0.557429969     -0.559515297      0.705294192      0.375649035      0.709544718      0.479518682    
   4.17232704     -0.720643282     -0.369241387     -0.271377027     -0.467105776     -0.371881634     -0.370750606     -0.373012662      0.797490120      0.150327355      0.802099049      0.262986183    
   4.41775703     -0.787247419     -0.168985799      -6.65938482E-02 -0.271377742     -0.169357762     -0.168220446     -0.170495197      0.834385097      -7.62280524E-02  0.839018345       3.70556973E-02
   4.66318703     -0.803591669       3.35017741E-02  0.133598119      -6.65945709E-02   3.53315994E-02   3.63960639E-02   3.42671387E-02  0.815678358     -0.288297415      0.820015073     -0.182264760    
   4.90861702     -0.770802736      0.225010633      0.316423863      0.133597389      0.228826255      0.229747310      0.227904916      0.744920254     -0.471822083      0.748674035     -0.380067825    
   5.15405083     -0.693141341      0.393628120      0.470830232      0.316426039      0.399085462      0.399805605      0.398365408      0.629114568     -0.615339816      0.632050753     -0.543595076    
   5.39948082     -0.577585518      0.529498816      0.588167608      0.470829964      0.536155760      0.536634982      0.535676658      0.478088170     -0.710827529      0.480041593     -0.663089693    
   5.64491081     -0.433231652      0.625427604      0.662688076      0.588167131      0.632780135      0.632996619      0.632563651      0.303633064     -0.753930271      0.304514050     -0.732366800    
   5.89034081     -0.270588160      0.677241504      0.691795170      0.662687838      0.684762299      0.684714139      0.684810400      0.118596844     -0.744332254      0.118401431     -0.749128520    
   6.13577461     -0.100798242      0.683930635      0.676066101      0.691795230      0.691107929      0.690812528      0.691403329      -6.40879124E-02 -0.685486019      -6.52915686E-02 -0.714911163    
   6.38120461       6.51286691E-02  0.647556126      0.619045973      0.676066279      0.653929234      0.653420508      0.654437959     -0.232327268     -0.584136188     -0.234400332     -0.634812117    
   6.62663460      0.217061162      0.572943032      0.526839733      0.619046271      0.578132510      0.577457726      0.578807473     -0.375692368     -0.449691892     -0.378442466     -0.516916037    
   6.87206459      0.346363485      0.467193156      0.407546163      0.526840150      0.470923215      0.470138729      0.471707702     -0.486059189     -0.293401599     -0.489255458     -0.371540695    
   7.11749840      0.446388870      0.339061052      0.270577669      0.407544464      0.341172785      0.340339184      0.342006445     -0.558066547     -0.127310157     -0.561463118     -0.210345805    
   7.36292839      0.512796879      0.198260337      0.125942290      0.270578384      0.198716596      0.197894499      0.199538618     -0.589314401       3.64348069E-02 -0.592664242      -4.54437248E-02
   7.60835838      0.543707013       5.47225066E-02  -1.64984968E-02  0.125943512       5.36023676E-02   5.28476499E-02   5.43570481E-02 -0.580375135      0.186750054     -0.583450139      0.111576311    
   7.85378838      0.539657831      -8.20943192E-02 -0.147691116      -1.64975263E-02  -8.46083686E-02  -8.52477625E-02  -8.39688182E-02 -0.534543812      0.314110607     -0.537149966      0.250418246    
   8.09922218      0.503409266     -0.203828812     -0.259964794     -0.147692814     -0.207470760     -0.207959130     -0.206982464     -0.457448393      0.411412567     -0.459437668      0.362768650    
   8.34465218      0.439606160     -0.303709209     -0.347454309     -0.259964079     -0.308154047     -0.308468610     -0.307839483     -0.356476009      0.474067777     -0.357757598      0.442739159    
   8.59008217      0.354330450     -0.376920909     -0.406387717     -0.347454071     -0.381811976     -0.381943643     -0.381680310     -0.240123138      0.500303268     -0.240658984      0.487187535    
   8.83551216      0.254590720     -0.420786291     -0.435184866     -0.406387717     -0.425762922     -0.425716609     -0.425809205     -0.117332987      0.491096318     -0.117144413      0.495703340    
   9.08094597      0.147781625     -0.434792370     -0.434399843     -0.435184926     -0.439515501     -0.439308345     -0.439722747       3.19878641E-03  0.449823678       4.04272228E-03  0.470457971    
   9.32637596       4.11668718E-02 -0.420459569     -0.406519294     -0.434399843     -0.424634486     -0.424293458     -0.424975455      0.113598384      0.381888151      0.114987589      0.415852517    
   9.57180595      -5.86051606E-02 -0.381077409     -0.355635375     -0.406519413     -0.384470969     -0.384030581     -0.384911358      0.207325235      0.294160575      0.209119573      0.338024378    
   9.81723595     -0.145888790     -0.321334064     -0.287032515     -0.355635673     -0.323786288     -0.323285341     -0.324287295      0.279521108      0.194359958      0.281562537      0.244258761    
   10.0626698     -0.216336176     -0.246876240     -0.206720755     -0.287031710     -0.248305529     -0.247783527     -0.248827502      0.327224046       9.03693736E-02  0.329351038      0.142365679    
   10.3080997     -0.267071694     -0.163843974     -0.120966636     -0.206721306     -0.164246410     -0.163741484     -0.164751261      0.349404454      -1.02063427E-02  0.351461440       4.00865525E-02
   10.5535297     -0.296760499      -7.83970654E-02  -3.58274952E-02 -0.120966636      -7.78396428E-02  -7.73848146E-02  -7.82943889E-02  0.346896559     -0.100823663      0.348749518      -5.55240735E-02
   10.7989597     -0.305553675       3.70521005E-03   4.32382785E-02  -3.58278565E-02   5.09529375E-03   5.47333155E-03   4.71729692E-03  0.322152287     -0.176112324      0.323692739     -0.138464972    
   11.0443935     -0.294941455       7.74678960E-02  0.111696780       4.32390086E-02   7.95180798E-02   7.98003078E-02   7.92357549E-02  0.278928876     -0.232329860      0.280078769     -0.204217061    
   11.2898235     -0.267527699      0.138927981      0.166159302      0.111696661      0.141436696      0.141612828      0.141260445      0.221906215     -0.267434180      0.222624108     -0.249888569    
   11.5352535     -0.226747245      0.185335785      0.204512522      0.166159064      0.188089311      0.188157991      0.188020647      0.156269833     -0.281113863      0.156549707     -0.274272531    
   11.7806835     -0.176553741      0.215222552      0.225932539      0.204512581      0.218011737      0.217978686      0.218044817       8.72749239E-02 -0.274530560       8.71402547E-02 -0.277824223    
   12.0261173     -0.121102236      0.228374258      0.230815724      0.225932792      0.231008559      0.230886683      0.231130466       1.98953953E-02 -0.250255793       1.93987377E-02 -0.262396932    
   12.2715473      -6.44531399E-02  0.225720003      0.220624253      0.230815724      0.228039369      0.227846310      0.228232414      -4.15248349E-02 -0.211798996      -4.23112921E-02 -0.231025711    
   12.5169773      -1.03053264E-02  0.209149614      0.197674885      0.220624343      0.211032629      0.210789308      0.211275935      -9.35067534E-02 -0.163326681      -9.44982022E-02 -0.187562451    
   12.7624073       3.82100381E-02  0.181281224      0.164887413      0.197675020      0.182649612      0.182378277      0.182920948     -0.133592054     -0.109275699     -0.134697527     -0.136302188    
   13.0078411       7.86789432E-02  0.145201921      0.125516772      0.164887071      0.146021575      0.145744115      0.146299049     -0.160412923      -5.40061258E-02 -0.161543354      -8.16436857E-02
   13.2532711      0.109484561      0.104205243       8.28934759E-02  0.125517026      0.104483813      0.104220167      0.104747482     -0.173668191      -1.48468721E-03 -0.174742505      -2.77469177E-02
   13.4987011      0.129829124       6.15372136E-02   4.01807688E-02   8.28936547E-02   6.13188297E-02   6.10855259E-02   6.15521148E-02 -0.174032092       4.49901558E-02 -0.174982339       2.17537414E-02
   13.7441311      0.139690682       2.01795436E-02   1.78135684E-04   4.01809514E-02   1.95376929E-02   1.93474945E-02   1.97278857E-02 -0.162990108       8.28763843E-02 -0.163765311       6.39332682E-02
   13.9895649      0.139734313      -1.73274595E-02  -3.48323248E-02   1.77407113E-04  -1.82987321E-02  -1.84377413E-02  -1.81597210E-02 -0.142645970      0.110595591     -0.143212527       9.67460647E-02
   14.2349949      0.131185412      -4.90061790E-02  -6.31800368E-02  -3.48323248E-02  -5.02011850E-02  -5.02858050E-02  -5.01165800E-02 -0.115501776      0.127462864     -0.115846440      0.119032249    
   14.4804249      0.115679182      -7.35148638E-02  -8.38500559E-02  -6.31796718E-02  -7.48252273E-02  -7.48560876E-02  -7.47943595E-02  -8.42207894E-02  0.133598670      -8.43467489E-02  0.130521938    
   14.7258549       9.50998440E-02  -9.01613981E-02  -9.64727402E-02  -8.38500559E-02  -9.14842635E-02  -9.14658383E-02  -9.15026888E-02  -5.14306799E-02  0.129932553      -5.13555929E-02  0.131767124    
   14.9712887       7.14221671E-02  -9.88709033E-02 -0.101268925      -9.64728892E-02 -0.100115344     -0.100055344     -0.100175366      -1.95412748E-02  0.117978960      -1.92966219E-02  0.123955883    
   15.2167187       4.65677455E-02 -0.100113630      -9.89584550E-02 -0.101268798     -0.101205811     -0.101113640     -0.101297967       9.41342302E-03   9.96098891E-02   9.78895742E-03  0.108790018    
   15.4621487       2.22803652E-02  -9.48032439E-02  -9.06480104E-02  -9.89584848E-02  -9.56895277E-02  -9.55757871E-02  -9.58032608E-02   3.38607542E-02   7.69502372E-02   3.43242064E-02   8.82801786E-02
   15.7075787       3.26206864E-05  -8.41752142E-02  -7.77023658E-02  -9.06480625E-02  -8.48232582E-02  -8.46987665E-02  -8.49477500E-02   5.27467951E-02   5.21500148E-02   5.32540232E-02   6.45502508E-02
   15.9530087      -1.90378744E-02  -6.96588382E-02  -6.16152696E-02  -7.77024180E-02  -7.00572282E-02  -6.99320361E-02  -7.01824129E-02   6.55465201E-02   2.72124615E-02   6.60566464E-02   3.96823734E-02
   16.1984425      -3.41603532E-02  -5.27518615E-02  -4.38885279E-02  -6.16151914E-02  -5.29081300E-02  -5.27911447E-02  -5.30251227E-02   7.22266585E-02   3.91254900E-03   7.27033243E-02   1.55656552E-02
   16.4438725      -4.49319556E-02  -3.49072702E-02  -2.59260125E-02  -4.38885279E-02  -3.48447748E-02  -3.47430073E-02  -3.49465348E-02   7.31876642E-02  -1.63623001E-02   7.36023262E-02  -6.22550584E-03
   16.6893024      -5.12950011E-02  -1.74375884E-02  -8.94916244E-03  -2.59260125E-02  -1.71917286E-02  -1.71102174E-02  -1.72732323E-02   6.91716000E-02  -3.26089412E-02   6.95037767E-02  -2.44894009E-02
   16.9347324      -5.34914024E-02  -1.44293543E-03   6.06329180E-03  -8.94916244E-03  -1.05687999E-03  -9.98297008E-04  -1.11547054E-03   6.11677356E-02  -4.42903973E-02   6.14064708E-02  -3.84537019E-02
   17.1801662      -5.20032272E-02   1.22356648E-02   1.84078850E-02   6.06344361E-03   1.27151227E-02   1.27499271E-02   1.26803108E-02   5.02970070E-02  -5.12242280E-02   5.04388772E-02  -4.77573127E-02
   17.4255962      -4.74853627E-02   2.30371747E-02   2.76664626E-02   1.84078850E-02   2.35635173E-02   2.35755518E-02   2.35514734E-02   3.77237611E-02  -5.36261350E-02   3.77727710E-02  -5.24277017E-02
   17.6710262      -4.06951569E-02   3.06804795E-02   3.36944945E-02   2.76664626E-02   3.12107652E-02   3.12026273E-02   3.12188882E-02   2.45610122E-02  -5.20101637E-02   2.45279912E-02  -5.28202914E-02
   17.9164562      -3.24254856E-02   3.51419151E-02   3.65893357E-02   3.36944945E-02   3.56393196E-02   3.56145613E-02   3.56640629E-02   1.17949331E-02  -4.70790975E-02   1.16940280E-02  -4.95450087E-02
   18.1618900      -2.34451871E-02   3.66186760E-02   3.66479829E-02   3.65893729E-02   3.70542407E-02   3.70171294E-02   3.70913483E-02   2.38797322E-04  -3.96892689E-02   8.75841361E-05  -4.33853827E-02
   18.4073200      -1.44506386E-02   3.54817882E-02   3.43155935E-02   3.66479829E-02   3.58353332E-02   3.57904322E-02   3.58802453E-02  -9.50324442E-03  -3.07430737E-02  -9.68623534E-03  -3.52163464E-02
   18.6527500      -6.02853065E-03   3.22233662E-02   3.01311351E-02   3.43155935E-02   3.24836224E-02   3.24352607E-02   3.25319879E-02  -1.70494337E-02  -2.11063959E-02  -1.72465015E-02  -2.59238482E-02
   18.8981800       1.36658177E-03   2.74031367E-02   2.46751364E-02   3.01311351E-02   2.75671612E-02   2.75193043E-02   2.76150163E-02  -2.22302843E-02  -1.15712117E-02  -2.24252548E-02  -1.63380466E-02
   19.1436138       7.42270704E-03   2.15984713E-02   1.85218956E-02   2.46750489E-02   2.16705650E-02   2.16265060E-02   2.17146222E-02  -2.50708126E-02  -2.79235584E-03  -2.52503119E-02  -7.18083885E-03
   19.3890438       1.19685531E-02   1.53611768E-02   1.22004580E-02   1.85218956E-02   1.53514352E-02   1.53136803E-02   1.53891891E-02  -2.57564671E-02   4.73086536E-03  -2.59103011E-02   9.70325724E-04
   19.6344738       1.49629228E-02   9.18221474E-03   6.16397150E-03   1.22004580E-02   9.10488144E-03   9.07507166E-03   9.13469121E-03  -2.45954599E-02   1.06725125E-02  -2.47169062E-02   7.70301186E-03
   19.8799038       1.64757520E-02   3.46717983E-03   7.70388287E-04   6.16397150E-03   3.33892973E-03   3.31785064E-03   3.36001161E-03  -2.19759718E-02   1.48743382E-02  -2.20618565E-02   1.27745587E-02
   20.1253376       1.66648161E-02  -1.47844572E-03  -3.72715830E-03   7.70266808E-04  -1.64011866E-03  -1.65241689E-03  -1.62782939E-03  -1.83246061E-02   1.73285957E-02  -1.83746926E-02   1.61037967E-02
   20.3707676       1.57500561E-02  -5.45392931E-03  -7.18070008E-03  -3.72715830E-03  -5.63209178E-03  -5.63626736E-03  -5.62791619E-03  -1.40713388E-02   1.81620307E-02  -1.40883755E-02   1.77463517E-02
   20.6161976       1.39876902E-02  -8.36041663E-03  -9.54013318E-03  -7.18070008E-03  -8.53986759E-03  -8.53697397E-03  -8.54275934E-03  -9.61342826E-03   1.75860599E-02  -9.60161537E-03   1.78745799E-02
   20.8616276       1.16462465E-02  -1.01901451E-02  -1.08401580E-02  -9.54013318E-03  -1.03581948E-02  -1.03496704E-02  -1.03667174E-02  -5.29690972E-03   1.58899892E-02  -5.26220212E-03   1.67389065E-02
   21.1070614       8.98569915E-03  -1.10115483E-02  -1.11829564E-02  -1.08401394E-02  -1.11585241E-02  -1.11459838E-02  -1.11710653E-02  -1.39679818E-03   1.33906743E-02  -1.34570838E-03   1.46398433E-02
   21.3524914       6.24105567E-03  -1.09510226E-02  -1.07190888E-02  -1.11829564E-02  -1.10704741E-02  -1.10554928E-02  -1.10854581E-02   1.89001241E-03   1.04061496E-02   1.95104547E-03   1.18983565E-02
   21.5979214       3.61025962E-03  -1.01737082E-02  -9.62832570E-03  -1.07190888E-02  -1.02622835E-02  -1.02463830E-02  -1.02781821E-02   4.44427598E-03   7.23913359E-03   4.50905552E-03   8.82273633E-03
   21.8433514       1.24717050E-03  -8.86488613E-03  -8.10144469E-03  -9.62832570E-03  -8.92204512E-03  -8.90653394E-03  -8.93755630E-03   6.22122874E-03   4.14846838E-03   6.28443062E-03   5.69353718E-03
   22.0887852      -7.41202675E-04  -7.21301045E-03  -6.32459763E-03  -8.10142420E-03  -7.24056829E-03  -7.22648017E-03  -7.25465640E-03   7.23962113E-03   1.34168647E-03   7.29701854E-03   2.74493569E-03
   22.3342152      -2.29345448E-03  -5.39576216E-03  -4.46692668E-03  -6.32459763E-03  -5.39731188E-03  -5.38539700E-03  -5.40922536E-03   7.56901689E-03  -1.03240821E-03   7.61756068E-03   1.54308436E-04
   22.5796452      -3.38977645E-03  -3.56917130E-03  -2.67141568E-03  -4.46692668E-03  -3.54951387E-03  -3.54022486E-03  -3.55880125E-03   7.31574791E-03  -2.88325897E-03   7.35359779E-03  -1.95805402E-03
   22.8250751      -4.04542452E-03  -1.86050218E-03  -1.04958855E-03  -2.67141568E-03  -1.82506628E-03  -1.81858393E-03  -1.83154875E-03   6.60807593E-03  -4.17533610E-03   6.63449056E-03  -3.52967554E-03
   23.0705090      -4.30302415E-03  -3.64405190E-04   3.20728839E-04  -1.04953919E-03  -3.18716513E-04  -3.14964331E-04  -3.22467124E-04   5.58311073E-03  -4.92462516E-03   5.59839886E-03  -4.55095712E-03
   23.3159389      -4.22430737E-03   8.57542211E-04   1.39435555E-03   3.20728839E-04   9.08260175E-04   9.09535098E-04   9.06984671E-04   4.37445519E-03  -5.17887669E-03   4.37965384E-03  -5.05186897E-03
   23.5613689      -3.88208940E-03   1.77517778E-03   2.15599989E-03   1.39435555E-03   1.82635104E-03   1.82552624E-03   1.82717398E-03   3.10329441E-03  -5.01510315E-03   3.09994002E-03  -5.09721832E-03
   23.8067989      -3.35294032E-03   2.38576462E-03   2.61552935E-03   2.15599989E-03   2.43367744E-03   2.43123877E-03   2.43611517E-03   1.87233638E-03  -4.52959351E-03   1.86239998E-03  -4.77248989E-03
   24.0522327      -2.71099666E-03   2.70885904E-03   2.80218478E-03   2.61553307E-03   2.75076460E-03   2.74719764E-03   2.75433226E-03   7.60506489E-04  -3.81884235E-03   7.45966507E-04  -4.17413143E-03
   24.2976627      -2.02325382E-03   2.78048427E-03   2.75878352E-03   2.80218478E-03   2.81461305E-03   2.81040347E-03   2.81882356E-03  -1.76836795E-04  -2.98016635E-03  -1.93991815E-04  -3.39949643E-03
   24.5430927      -1.34616299E-03   2.64731701E-03   2.53585028E-03   2.75878352E-03   2.67282175E-03   2.66840914E-03   2.67723482E-03  -9.08334274E-04  -2.10095034E-03  -9.26314096E-04  -2.54048547E-03
   24.7885227      -7.23786885E-04   2.36109924E-03   2.18634820E-03   2.53585028E-03   2.37793359E-03   2.37367675E-03   2.38219043E-03  -1.42403529E-03  -1.25280127E-03  -1.44137931E-03  -1.67682371E-03
   25.0339565      -1.87181824E-04   1.97385182E-03   1.76136335E-03   2.18634075E-03   1.98260788E-03   1.97878876E-03   1.98642723E-03  -1.73155603E-03  -4.91749845E-04  -1.74711691E-03  -8.72158445E-04
   25.2793865       2.45111209E-04   1.53406046E-03   1.30675780E-03   1.76136335E-03   1.53580192E-03   1.53260864E-03   1.53899542E-03  -1.85227464E-03   1.44626756E-04  -1.86528522E-03  -1.73455250E-04
   25.5248165       5.65829978E-04   1.08380907E-03   8.60860338E-04   1.30675780E-03   1.07989158E-03   1.07742765E-03   1.08235504E-03  -1.81679416E-03   6.35640346E-04  -1.82683195E-03   3.90226080E-04
   25.7702465       7.77111738E-04   6.57055352E-04   4.53250337E-04   8.60860338E-04   6.48965011E-04   6.47258305E-04   6.50671893E-04  -1.66079425E-03   9.75869363E-04  -1.66774902E-03   8.05851305E-04
   26.0156803       8.88354843E-04   2.78831838E-04   1.04415034E-04   4.53248678E-04   2.68049800E-04   2.67064199E-04   2.69035518E-04  -1.42131082E-03   1.17214490E-03  -1.42532552E-03   1.07396778E-03
   26.2611103       9.13981523E-04  -3.46979723E-05  -1.73810971E-04   1.04415034E-04  -4.68108665E-05  -4.71553867E-05  -4.64667391E-05  -1.13362249E-03   1.24084589E-03  -1.13502552E-03   1.20654062E-03
   26.5065403       8.71322933E-04  -2.75549712E-04  -3.77288467E-04  -1.73810971E-04  -2.87825620E-04  -2.87642615E-04  -2.88008712E-04  -8.29062134E-04   1.20453269E-03  -8.28315504E-04   1.22277788E-03
   26.7519703       7.78724672E-04  -4.42747696E-04  -5.08206955E-04  -3.77288467E-04  -4.54259163E-04  -4.53677960E-04  -4.54840367E-04  -5.33422863E-04   1.08873437E-03  -5.31055382E-04   1.14663551E-03
   26.9974041       6.53993571E-04  -5.40875713E-04  -5.73543832E-04  -5.08207653E-04  -5.50956058E-04  -5.50106284E-04  -5.51805599E-04  -2.66209914E-04   9.19442740E-04  -2.62748275E-04   1.00408262E-03
   27.2428341       5.13228180E-04  -5.78517211E-04  -5.83490648E-04  -5.73543832E-04  -5.86752372E-04  -5.85756148E-04  -5.87748655E-04  -4.05279970E-05   7.21046061E-04  -3.64685402E-05   8.20284768E-04
   27.4882641       3.70021531E-04  -5.66746050E-04  -5.50001510E-04  -5.83490648E-04  -5.72950579E-04  -5.71916462E-04  -5.73984813E-04   1.36450370E-04   5.15001244E-04   1.40663557E-04   6.18014310E-04
   27.7336941       2.35034153E-04  -5.17744164E-04  -4.85486817E-04  -5.50001510E-04  -5.21926209E-04  -5.20938309E-04  -5.22914110E-04   2.62862828E-04   3.18152888E-04   2.66888324E-04   4.16562310E-04
   27.9791279       1.15878895E-04  -4.43645229E-04  -4.01803409E-04  -4.85487049E-04  -4.45962185E-04  -4.45084530E-04  -4.46839840E-04   3.40966217E-04   1.43363883E-04   3.44542088E-04   2.30781516E-04
   28.2245579       1.72639120E-05  -3.55642580E-04  -3.09481780E-04  -4.01803409E-04  -3.56354896E-04  -3.55628144E-04  -3.57081619E-04   3.76161275E-04  -1.44053888E-06   3.79122474E-04   7.09481392E-05
   28.4699879      -5.86924907E-05  -2.63363647E-04  -2.17245528E-04  -3.09481780E-04  -2.62792804E-04  -2.62236746E-04  -2.63348833E-04   3.75813601E-04  -1.12245885E-04   3.78078956E-04  -5.68611758E-05
   28.7154179      -1.12011265E-04  -1.74507615E-04  -1.31769688E-04  -2.17245528E-04  -1.72997112E-04  -1.72613785E-04  -1.73380395E-04   3.48268484E-04  -1.88639227E-04   3.49830400E-04  -1.50458800E-04
   28.9608517      -1.44351885E-04  -9.47120134E-05  -5.76560888E-05  -1.31767942E-04  -9.25957575E-05  -9.23738480E-05  -9.28176596E-05   3.01966240E-04  -2.32899751E-04   3.02870118E-04  -2.10796061E-04
   29.2062817      -1.58502473E-04  -2.76146784E-05   2.42673309E-06  -5.76560888E-05  -2.51943202E-05  -2.51124093E-05  -2.52762657E-05   2.44805415E-04  -2.49245204E-04   2.45139148E-04  -2.41084301E-04
   29.4517117      -1.57906878E-04   2.49611276E-05   4.74955195E-05   2.42673309E-06   2.74325957E-05   2.74017057E-05   2.74635058E-05   1.83631244E-04  -2.43101153E-04   1.83505137E-04  -2.46178097E-04
   29.6971416      -1.46250008E-04   6.27076224E-05   7.79197144E-05   4.74955195E-05   6.50336879E-05   6.49189460E-05   6.51484152E-05   1.23962353E-04  -2.20264148E-04   1.23494916E-04  -2.31693470E-04
   29.9425755      -1.27125677E-04   8.64973845E-05   9.50746398E-05   7.79201291E-05   8.85394038E-05   8.83699468E-05   8.87088536E-05   6.98954682E-05  -1.86522957E-04   6.92051908E-05  -2.03401927E-04
   30.1880054      -1.03791419E-04   9.80338082E-05   1.00992977E-04   9.50746398E-05   9.97087118E-05   9.95110458E-05   9.99063486E-05   2.41140642E-05  -1.47143641E-04   2.33085339E-05  -1.66831334E-04
   30.4334354      -7.90046179E-05   9.95201044E-05   9.80472250E-05   1.00992977E-04   1.00792931E-04   1.00588513E-04   1.00997349E-04  -1.20023751E-05  -1.06421467E-04  -1.28352076E-05  -1.26783299E-04
   30.6788654      -5.49407960E-05   9.33687625E-05   8.86903072E-05   9.80472250E-05   9.42437036E-05   9.40501486E-05   9.44372514E-05  -3.81244572E-05  -6.78707511E-05  -3.89131237E-05  -8.71499287E-05
   30.9242992      -3.31731535E-05   8.19671404E-05   7.52443593E-05   8.86899215E-05   8.24778908E-05   8.23074151E-05   8.26483665E-05  -5.47834570E-05  -3.38940990E-05  -5.54779799E-05  -5.08748271E-05
   31.1697292      -1.47058590E-05   6.75005504E-05   5.97567414E-05   7.52443593E-05   6.77005664E-05   6.75603733E-05   6.78407450E-05  -6.31038056E-05  -5.95871006E-06  -6.36749683E-05  -1.99223578E-05
   31.4151592      -3.97068689E-08   5.18333327E-05   4.39099276E-05   5.97567414E-05   5.17864210E-05   5.16797227E-05   5.18931156E-05  -6.45672917E-05   1.53012352E-05  -6.50020229E-05   4.67307700E-06
