  0.100000001      0.123450436      0.123450458    
  0.200000003      0.243852869      0.243852735    
  0.300000012      0.361282557      0.361282527    
  0.400000006      0.475812912      0.475812852    
  0.500000000      0.587515473      0.587515533    
  0.600000024      0.696460068      0.696460009    
  0.700000048      0.802714825      0.802714825    
  0.800000012      0.906346142      0.906346142    
  0.900000036       1.00741875       1.00741887    
   1.00000000       1.10599589       1.10599613    
   1.10000002       1.20213926       1.20213926    
   1.20000005       1.29590881       1.29590893    
   1.30000007       1.38736308       1.38736343    
   1.40000010       1.47655928       1.47655964    
   1.50000000       1.56355345       1.56355357    
   1.60000002       1.64839947       1.64839983    
   1.70000005       1.73115087       1.73115110    
   1.80000007       1.81185901       1.81185937    
   1.90000010       1.89057457       1.89057469    
   2.00000000       1.96734655       1.96734667    
   2.09999990       2.04222298       2.04222322    
   2.20000005       2.11525083       2.11525106    
   2.29999995       2.18647528       2.18647575    
   2.39999986       2.25594163       2.25594163    
   2.50000000       2.32369256       2.32369280    
   2.59999990       2.38977098       2.38977098    
   2.70000005       2.45421743       2.45421791    
   2.79999995       2.51707315       2.51707339    
   2.89999986       2.57837677       2.57837725    
   3.00000000       2.63816690       2.63816714    
   3.09999990       2.69648075       2.69648099    
   3.20000005       2.75335479       2.75335526    
   3.29999995       2.80882478       2.80882502    
   3.39999986       2.86292505       2.86292529    
   3.50000000       2.91568971       2.91568995    
   3.59999990       2.96715140       2.96715164    
   3.70000005       3.01734257       3.01734304    
   3.79999995       3.06629467       3.06629467    
   3.89999986       3.11403799       3.11403799    
   4.00000000       3.16060281       3.16060281    
   4.09999990       3.20601749       3.20601749    
   4.19999981       3.25031114       3.25031090    
   4.30000019       3.29351115       3.29351139    
   4.40000010       3.33564448       3.33564472    
   4.50000000       3.37673759       3.37673783    
   4.59999990       3.41681623       3.41681600    
   4.69999981       3.45590544       3.45590496    
   4.80000019       3.49402905       3.49402905    
   4.90000010       3.53121138       3.53121161    
   5.00000000       3.56747603       3.56747603    
   5.09999990       3.60284495       3.60284519    
   5.19999981       3.63734102       3.63734102    
   5.30000019       3.67098498       3.67098522    
   5.40000010       3.70379829       3.70379877    
   5.50000000       3.73580194       3.73580217    
   5.59999990       3.76701522       3.76701498    
   5.69999981       3.79745770       3.79745746    
   5.80000019       3.82714868       3.82714868    
   5.90000010       3.85610628       3.85610628    
   6.00000000       3.88434935       3.88434911    
   6.09999990       3.91189480       3.91189456    
   6.19999981       3.93876028       3.93876028    
   6.30000019       3.96496248       3.96496248    
   6.40000010       3.99051762       3.99051714    
   6.50000000       4.01544189       4.01544142    
   6.59999990       4.03975058       4.03975058    
   6.69999981       4.06345892       4.06345892    
   6.80000019       4.08658266       4.08658218    
   6.90000010       4.10913467       4.10913467    
   7.00000000       4.13113022       4.13113022    
   7.09999990       4.15258265       4.15258312    
   7.19999981       4.17350531       4.17350578    
   7.30000019       4.19391155       4.19391203    
   7.40000010       4.21381378       4.21381426    
   7.50000000       4.23322487       4.23322487    
   7.59999990       4.25215673       4.25215673    
   7.69999981       4.27062130       4.27062130    
   7.80000019       4.28862953       4.28862953    
   7.90000010       4.30619335       4.30619335    
   8.00000000       4.32332325       4.32332373    
   8.10000038       4.34003067       4.34003067    
   8.20000076       4.35632515       4.35632563    
   8.30000019       4.37221766       4.37221813    
   8.40000057       4.38771772       4.38771772    
   8.50000095       4.40283537       4.40283537    
   8.60000038       4.41757917       4.41757917    
   8.70000076       4.43195915       4.43195915    
   8.80000019       4.44598389       4.44598436    
   8.90000057       4.45966291       4.45966291    
   9.00000095       4.47300339       4.47300386    
   9.10000038       4.48601484       4.48601532    
   9.20000076       4.49870539       4.49870586    
   9.30000019       4.51108265       4.51108265    
   9.40000057       4.52315378       4.52315426    
   9.50000095       4.53492737       4.53492737    
   9.60000038       4.54641008       4.54641056    
   9.70000076       4.55760908       4.55760956    
   9.80000019       4.56853151       4.56853199    
   9.90000057       4.57918453       4.57918549    
   10.0000010       4.58957481       4.58957529    
   10.1000004       4.59970808       4.59970856    
   10.2000008       4.60959148       4.60959148    
   10.3000002       4.61923075       4.61923075    
   10.4000006       4.62863159       4.62863207    
   10.5000010       4.63780069       4.63780117    
   10.6000004       4.64674377       4.64674425    
   10.7000008       4.65546560       4.65546608    
   10.8000002       4.66397190       4.66397238    
   10.9000006       4.67226839       4.67226887    
   11.0000010       4.68036032       4.68036079    
   11.1000004       4.68825197       4.68825245    
   11.2000008       4.69594908       4.69595003    
   11.3000002       4.70345640       4.70345688    
   11.4000006       4.71077776       4.71077871    
   11.5000010       4.71791887       4.71791935    
   11.6000004       4.72488308       4.72488403    
   11.7000008       4.73167562       4.73167658    
   11.8000002       4.73830080       4.73830175    
   11.9000006       4.74476194       4.74476290    
   12.0000010       4.75106382       4.75106478    
   12.1000004       4.75721025       4.75721073    
   12.2000008       4.76320457       4.76320553    
   12.3000002       4.76905107       4.76905203    
   12.4000006       4.77475309       4.77475405    
   12.5000010       4.78031445       4.78031540    
   12.6000004       4.78573847       4.78573942    
   12.7000008       4.79102898       4.79102945    
   12.8000002       4.79618835       4.79618931    
   12.9000006       4.80122042       4.80122137    
   13.0000010       4.80612803       4.80612898    
   13.1000004       4.81091499       4.81091547    
   13.2000008       4.81558323       4.81558418    
   13.3000002       4.82013655       4.82013750    
   13.4000006       4.82457781       4.82457829    
   13.5000010       4.82890892       4.82890940    
   13.6000004       4.83313274       4.83313370    
   13.7000008       4.83725309       4.83725357    
   13.8000002       4.84127140       4.84127188    
   13.9000006       4.84519053       4.84519100    
   14.0000010       4.84901237       4.84901333    
   14.1000004       4.85274029       4.85274124    
   14.2000008       4.85637665       4.85637712    
   14.3000002       4.85992241       4.85992289    
   14.4000006       4.86338091       4.86338139    
   14.5000010       4.86675406       4.86675453    
   14.6000004       4.87004375       4.87004423    
   14.7000008       4.87325239       4.87325287    
   14.8000002       4.87638235       4.87638235    
   14.9000006       4.87943411       4.87943459    
   15.0000010       4.88241100       4.88241148    
   15.1000004       4.88531446       4.88531494    
   15.2000008       4.88814640       4.88814640    
   15.3000002       4.89090824       4.89090776    
   15.4000006       4.89360142       4.89360142    
   15.5000010       4.89622831       4.89622831    
   15.6000004       4.89879084       4.89879036    
   15.7000008       4.90128946       4.90128946    
   15.8000002       4.90372658       4.90372658    
   15.9000006       4.90610361       4.90610361    
   16.0000000       4.90842247       4.90842199    
