   1.00100005       5.00000238       4.46730154E-03
   1.00200009       5.00000906       8.93462263E-03
   1.00300014       5.00002003       1.34019665E-02
   1.00400019       5.00003576       1.78693365E-02
   1.00500023       5.00005579       2.23367363E-02
   1.00600028       5.00008059       2.68041696E-02
   1.00700033       5.00010967       3.12716402E-02
   1.00800037       5.00014305       3.57391536E-02
   1.00900042       5.00018120       4.02067117E-02
   1.01000047       5.00022364       4.46743183E-02
   1.01100051       5.00027037       4.91419807E-02
   1.01200056       5.00032187       5.36096990E-02
   1.01300061       5.00037766       5.80774769E-02
   1.01400065       5.00043774       6.25453219E-02
   1.01500070       5.00050259       6.70132339E-02
   1.01600075       5.00057173       7.14812130E-02
   1.01700079       5.00064564       7.59492666E-02
   1.01800084       5.00072384       8.04174021E-02
   1.01900089       5.00080633       8.48856196E-02
   1.02000093       5.00089359       8.93539265E-02
   1.02100098       5.00098515       9.38223228E-02
   1.02200103       5.00108099       9.82908159E-02
   1.02300107       5.00118160      0.102759406    
   1.02400112       5.00128651      0.107228100    
   1.02500117       5.00139618      0.111696899    
   1.02600121       5.00151014      0.116165809    
   1.02700126       5.00162840      0.120634831    
   1.02800131       5.00175142      0.125103980    
   1.02900136       5.00187874      0.129573241    
   1.03000140       5.00201035      0.134042636    
   1.03100145       5.00214672      0.138512149    
   1.03200150       5.00228739      0.142981797    
   1.03300154       5.00243282      0.147451580    
   1.03400159       5.00258255      0.151921511    
   1.03500164       5.00273657      0.156391591    
   1.03600168       5.00289536      0.160861820    
   1.03700173       5.00305843      0.165332198    
   1.03800178       5.00322580      0.169802725    
   1.03900182       5.00339794      0.174273416    
   1.04000187       5.00357437      0.178744271    
   1.04100192       5.00375557      0.183215290    
   1.04200196       5.00394106      0.187686488    
   1.04300201       5.00413084      0.192157865    
   1.04400206       5.00432539      0.196629420    
   1.04500210       5.00452423      0.201101154    
   1.04600215       5.00472736      0.205573082    
   1.04700220       5.00493526      0.210045204    
   1.04800224       5.00514746      0.214517519    
   1.04900229       5.00536442      0.218990028    
   1.05000234       5.00558567      0.223462746    
   1.05100238       5.00581121      0.227935672    
   1.05200243       5.00604153      0.232408807    
   1.05300248       5.00627613      0.236882150    
   1.05400252       5.00651503      0.241355717    
   1.05500257       5.00675869      0.245829508    
   1.05600262       5.00700665      0.250303537    
   1.05700266       5.00725937      0.254777789    
   1.05800271       5.00751638      0.259252280    
   1.05900276       5.00777769      0.263727009    
   1.06000280       5.00804377      0.268201977    
   1.06100285       5.00831413      0.272677183    
   1.06200290       5.00858927      0.277152658    
   1.06300294       5.00886869      0.281628370    
   1.06400299       5.00915241      0.286104351    
   1.06500304       5.00944090      0.290580601    
   1.06600308       5.00973368      0.295057118    
   1.06700313       5.01003075      0.299533904    
   1.06800318       5.01033258      0.304010957    
   1.06900322       5.01063871      0.308488280    
   1.07000327       5.01094961      0.312965900    
   1.07100332       5.01126480      0.317443788    
   1.07200336       5.01158428      0.321921974    
   1.07300341       5.01190853      0.326400459    
   1.07400346       5.01223707      0.330879241    
   1.07500350       5.01257038      0.335358322    
   1.07600355       5.01290798      0.339837730    
   1.07700360       5.01324987      0.344317436    
   1.07800364       5.01359653      0.348797470    
   1.07900369       5.01394749      0.353277802    
   1.08000374       5.01430321      0.357758462    
   1.08100379       5.01466322      0.362239450    
   1.08200383       5.01502752      0.366720766    
   1.08300388       5.01539660      0.371202439    
   1.08400393       5.01576996      0.375684440    
   1.08500397       5.01614809      0.380166769    
   1.08600402       5.01653051      0.384649456    
   1.08700407       5.01691723      0.389132500    
   1.08800411       5.01730871      0.393615901    
   1.08900416       5.01770449      0.398099661    
   1.09000421       5.01810503      0.402583778    
   1.09100425       5.01850986      0.407068253    
   1.09200430       5.01891899      0.411553115    
   1.09300435       5.01933289      0.416038364    
   1.09400439       5.01975107      0.420523971    
   1.09500444       5.02017403      0.425009966    
   1.09600449       5.02060127      0.429496348    
   1.09700453       5.02103281      0.433983117    
   1.09800458       5.02146912      0.438470304    
   1.09900463       5.02190971      0.442957878    
   1.10000467       5.02235508      0.447445869    
   1.10100472       5.02280474      0.451934278    
   1.10200477       5.02325869      0.456423074    
   1.10300481       5.02371740      0.460912287    
   1.10400486       5.02418041      0.465401947    
   1.10500491       5.02464819      0.469892025    
   1.10600495       5.02512026      0.474382520    
   1.10700500       5.02559710      0.478873461    
   1.10800505       5.02607822      0.483364850    
   1.10900509       5.02656364      0.487856656    
   1.11000514       5.02705383      0.492348909    
   1.11100519       5.02754831      0.496841609    
   1.11200523       5.02804756      0.501334786    
   1.11300528       5.02855110      0.505828440    
   1.11400533       5.02905941      0.510322511    
   1.11500537       5.02957201      0.514817059    
   1.11600542       5.03008890      0.519312084    
   1.11700547       5.03061056      0.523807585    
   1.11800551       5.03113651      0.528303564    
   1.11900556       5.03166723      0.532800019    
   1.12000561       5.03220224      0.537296951    
   1.12100565       5.03274202      0.541794419    
   1.12200570       5.03328609      0.546292365    
   1.12300575       5.03383446      0.550790787    
   1.12400579       5.03438759      0.555289745    
   1.12500584       5.03494501      0.559789181    
   1.12600589       5.03550720      0.564289153    
   1.12700593       5.03607368      0.568789661    
   1.12800598       5.03664494      0.573290646    
   1.12900603       5.03722048      0.577792168    
   1.13000607       5.03780031      0.582294226    
   1.13100612       5.03838491      0.586796820    
   1.13200617       5.03897381      0.591299951    
   1.13300622       5.03956747      0.595803618    
   1.13400626       5.04016542      0.600307882    
   1.13500631       5.04076815      0.604812682    
   1.13600636       5.04137516      0.609318018    
   1.13700640       5.04198694      0.613823950    
   1.13800645       5.04260302      0.618330419    
   1.13900650       5.04322338      0.622837484    
   1.14000654       5.04384851      0.627345085    
   1.14100659       5.04447794      0.631853282    
   1.14200664       5.04511213      0.636362076    
   1.14300668       5.04575062      0.640871406    
   1.14400673       5.04639387      0.645381331    
   1.14500678       5.04704142      0.649891853    
   1.14600682       5.04769373      0.654402971    
   1.14700687       5.04835033      0.658914685    
   1.14800692       5.04901171      0.663427055    
   1.14900696       5.04967737      0.667940021    
   1.15000701       5.05034781      0.672453582    
   1.15100706       5.05102253      0.676967800    
   1.15200710       5.05170155      0.681482613    
   1.15300715       5.05238533      0.685998082    
   1.15400720       5.05307341      0.690514147    
   1.15500724       5.05376625      0.695030868    
   1.15600729       5.05446339      0.699548244    
   1.15700734       5.05516529      0.704066277    
   1.15800738       5.05587149      0.708584964    
   1.15900743       5.05658245      0.713104308    
   1.16000748       5.05729771      0.717624307    
   1.16100752       5.05801773      0.722144961    
   1.16200757       5.05874205      0.726666272    
   1.16300762       5.05947113      0.731188238    
   1.16400766       5.06020451      0.735710919    
   1.16500771       5.06094265      0.740234256    
   1.16600776       5.06168509      0.744758308    
   1.16700780       5.06243229      0.749283016    
   1.16800785       5.06318378      0.753808439    
   1.16900790       5.06394005      0.758334577    
   1.17000794       5.06470060      0.762861371    
   1.17100799       5.06546593      0.767388880    
   1.17200804       5.06623554      0.771917105    
   1.17300808       5.06700993      0.776446044    
   1.17400813       5.06778860      0.780975699    
   1.17500818       5.06857204      0.785506070    
   1.17600822       5.06935978      0.790037215    
   1.17700827       5.07015228      0.794569075    
   1.17800832       5.07094908      0.799101651    
   1.17900836       5.07175064      0.803635001    
   1.18000841       5.07255650      0.808169067    
   1.18100846       5.07336712      0.812703907    
   1.18200850       5.07418203      0.817239523    
   1.18300855       5.07500172      0.821775913    
   1.18400860       5.07582569      0.826313019    
   1.18500865       5.07665443      0.830850899    
   1.18600869       5.07748747      0.835389555    
   1.18700874       5.07832527      0.839928985    
   1.18800879       5.07916737      0.844469190    
   1.18900883       5.08001423      0.849010229    
   1.19000888       5.08086538      0.853552043    
   1.19100893       5.08172131      0.858094633    
   1.19200897       5.08258152      0.862638056    
   1.19300902       5.08344650      0.867182255    
   1.19400907       5.08431578      0.871727288    
   1.19500911       5.08518982      0.876273155    
   1.19600916       5.08606815      0.880819798    
   1.19700921       5.08695126      0.885367274    
   1.19800925       5.08783913      0.889915586    
   1.19900930       5.08873129      0.894464731    
   1.20000935       5.08962822      0.899014711    
   1.20100939       5.09052944      0.903565526    
   1.20200944       5.09143543      0.908117175    
   1.20300949       5.09234571      0.912669718    
   1.20400953       5.09326077      0.917223096    
   1.20500958       5.09418011      0.921777308    
   1.20600963       5.09510422      0.926332414    
   1.20700967       5.09603262      0.930888414    
   1.20800972       5.09696579      0.935445249    
   1.20900977       5.09790373      0.940002978    
   1.21000981       5.09884596      0.944561601    
   1.21100986       5.09979296      0.949121118    
   1.21200991       5.10074425      0.953681529    
   1.21300995       5.10170031      0.958242834    
   1.21401000       5.10266066      0.962805033    
   1.21501005       5.10362577      0.967368126    
   1.21601009       5.10459566      0.971932113    
   1.21701014       5.10556984      0.976497054    
   1.21801019       5.10654879      0.981062889    
   1.21901023       5.10753202      0.985629618    
   1.22001028       5.10852003      0.990197301    
   1.22101033       5.10951233      0.994765937    
   1.22201037       5.11050940      0.999335468    
   1.22301042       5.11151123       1.00390601    
   1.22401047       5.11251736       1.00847745    
   1.22501051       5.11352825       1.01304984    
   1.22601056       5.11454344       1.01762319    
   1.22701061       5.11556339       1.02219748    
   1.22801065       5.11658812       1.02677274    
   1.22901070       5.11761713       1.03134894    
   1.23001075       5.11865091       1.03592622    
   1.23101079       5.11968899       1.04050446    
   1.23201084       5.12073183       1.04508364    
   1.23301089       5.12177944       1.04966378    
   1.23401093       5.12283134       1.05424500    
   1.23501098       5.12388802       1.05882716    
   1.23601103       5.12494898       1.06341028    
   1.23701108       5.12601471       1.06799448    
   1.23801112       5.12708521       1.07257962    
   1.23901117       5.12816000       1.07716584    
   1.24001122       5.12923956       1.08175302    
   1.24101126       5.13032341       1.08634126    
   1.24201131       5.13141203       1.09093058    
   1.24301136       5.13250542       1.09552085    
   1.24401140       5.13360310       1.10011220    
   1.24501145       5.13470554       1.10470462    
   1.24601150       5.13581276       1.10929811    
   1.24701154       5.13692427       1.11389267    
   1.24801159       5.13804054       1.11848819    
   1.24901164       5.13916111       1.12308478    
   1.25001168       5.14028645       1.12768245    
   1.25101173       5.14141655       1.13228118    
   1.25201178       5.14255095       1.13688099    
   1.25301182       5.14369011       1.14148188    
   1.25401187       5.14483404       1.14608395    
   1.25501192       5.14598227       1.15068710    
   1.25601196       5.14713526       1.15529132    
   1.25701201       5.14829302       1.15989661    
   1.25801206       5.14945507       1.16450298    
   1.25901210       5.15062189       1.16911054    
   1.26001215       5.15179348       1.17371917    
   1.26101220       5.15296936       1.17832899    
   1.26201224       5.15415001       1.18293989    
   1.26301229       5.15533543       1.18755186    
   1.26401234       5.15652514       1.19216502    
   1.26501238       5.15771961       1.19677937    
   1.26601243       5.15891886       1.20139480    
   1.26701248       5.16012239       1.20601141    
   1.26801252       5.16133070       1.21062911    
   1.26901257       5.16254377       1.21524799    
   1.27001262       5.16376114       1.21986806    
   1.27101266       5.16498327       1.22448933    
   1.27201271       5.16621017       1.22911179    
   1.27301276       5.16744137       1.23373532    
   1.27401280       5.16867733       1.23836005    
   1.27501285       5.16991806       1.24298596    
   1.27601290       5.17116356       1.24761307    
   1.27701294       5.17241335       1.25224137    
   1.27801299       5.17366791       1.25687087    
   1.27901304       5.17492723       1.26150167    
   1.28001308       5.17619085       1.26613367    
   1.28101313       5.17745924       1.27076685    
   1.28201318       5.17873240       1.27540123    
   1.28301322       5.18001032       1.28003693    
   1.28401327       5.18129253       1.28467381    
   1.28501332       5.18257952       1.28931189    
   1.28601336       5.18387127       1.29395127    
   1.28701341       5.18516731       1.29859185    
   1.28801346       5.18646812       1.30323374    
   1.28901350       5.18777370       1.30787683    
   1.29001355       5.18908405       1.31252122    
   1.29101360       5.19039869       1.31716681    
   1.29201365       5.19171810       1.32181370    
   1.29301369       5.19304228       1.32646191    
   1.29401374       5.19437122       1.33111131    
   1.29501379       5.19570446       1.33576202    
   1.29601383       5.19704247       1.34041405    
   1.29701388       5.19838524       1.34506738    
   1.29801393       5.19973278       1.34972203    
   1.29901397       5.20108461       1.35437799    
   1.30001402       5.20244122       1.35903525    
   1.30101407       5.20380259       1.36369383    
   1.30201411       5.20516872       1.36835372    
   1.30301416       5.20653963       1.37301493    
   1.30401421       5.20791483       1.37767744    
   1.30501425       5.20929480       1.38234127    
   1.30601430       5.21067953       1.38700652    
   1.30701435       5.21206903       1.39167309    
   1.30801439       5.21346283       1.39634097    
   1.30901444       5.21486139       1.40101027    
   1.31001449       5.21626472       1.40568089    
   1.31101453       5.21767282       1.41035283    
   1.31201458       5.21908569       1.41502619    
   1.31301463       5.22050285       1.41970086    
   1.31401467       5.22192478       1.42437696    
   1.31501472       5.22335148       1.42905450    
   1.31601477       5.22478294       1.43373334    
   1.31701481       5.22621918       1.43841362    
   1.31801486       5.22765970       1.44309533    
   1.31901491       5.22910500       1.44777834    
   1.32001495       5.23055506       1.45246279    
   1.32101500       5.23200989       1.45714867    
   1.32201505       5.23346949       1.46183598    
   1.32301509       5.23493385       1.46652472    
   1.32401514       5.23640251       1.47121489    
   1.32501519       5.23787594       1.47590649    
   1.32601523       5.23935413       1.48059952    
   1.32701528       5.24083710       1.48529398    
   1.32801533       5.24232483       1.48998988    
   1.32901537       5.24381733       1.49468732    
   1.33001542       5.24531460       1.49938619    
   1.33101547       5.24681616       1.50408649    
   1.33201551       5.24832249       1.50878835    
   1.33301556       5.24983358       1.51349163    
   1.33401561       5.25134945       1.51819634    
   1.33501565       5.25287008       1.52290261    
   1.33601570       5.25439548       1.52761030    
   1.33701575       5.25592566       1.53231955    
   1.33801579       5.25746012       1.53703022    
   1.33901584       5.25899935       1.54174244    
   1.34001589       5.26054335       1.54645622    
   1.34101593       5.26209211       1.55117142    
   1.34201598       5.26364565       1.55588818    
   1.34301603       5.26520395       1.56060648    
   1.34401608       5.26676702       1.56532633    
   1.34501612       5.26833487       1.57004774    
   1.34601617       5.26990747       1.57477069    
   1.34701622       5.27148438       1.57949519    
   1.34801626       5.27306604       1.58422124    
   1.34901631       5.27465248       1.58894885    
   1.35001636       5.27624369       1.59367800    
   1.35101640       5.27783966       1.59840870    
   1.35201645       5.27944040       1.60314095    
   1.35301650       5.28104591       1.60787475    
   1.35401654       5.28265619       1.61261022    
   1.35501659       5.28427124       1.61734724    
   1.35601664       5.28589106       1.62208581    
   1.35701668       5.28751564       1.62682605    
   1.35801673       5.28914499       1.63156784    
   1.35901678       5.29077911       1.63631129    
   1.36001682       5.29241800       1.64105630    
   1.36101687       5.29406166       1.64580297    
   1.36201692       5.29570961       1.65055132    
   1.36301696       5.29736233       1.65530121    
   1.36401701       5.29901981       1.66005278    
   1.36501706       5.30068207       1.66480601    
   1.36601710       5.30234909       1.66956091    
   1.36701715       5.30402088       1.67431736    
   1.36801720       5.30569744       1.67907548    
   1.36901724       5.30737877       1.68383527    
   1.37001729       5.30906487       1.68859673    
   1.37101734       5.31075573       1.69335985    
   1.37201738       5.31245136       1.69812465    
   1.37301743       5.31415176       1.70289111    
   1.37401748       5.31585693       1.70765936    
   1.37501752       5.31756687       1.71242929    
   1.37601757       5.31928158       1.71720088    
   1.37701762       5.32100105       1.72197413    
   1.37801766       5.32272530       1.72674918    
   1.37901771       5.32445431       1.73152590    
   1.38001776       5.32618809       1.73630440    
   1.38101780       5.32792664       1.74108458    
   1.38201785       5.32966995       1.74586642    
   1.38301790       5.33141804       1.75065005    
   1.38401794       5.33317089       1.75543547    
   1.38501799       5.33492851       1.76022255    
   1.38601804       5.33669090       1.76501143    
   1.38701808       5.33845854       1.76980209    
   1.38801813       5.34023094       1.77459455    
   1.38901818       5.34200811       1.77938867    
   1.39001822       5.34379005       1.78418458    
   1.39101827       5.34557676       1.78898227    
   1.39201832       5.34736824       1.79378176    
   1.39301836       5.34916449       1.79858303    
   1.39401841       5.35096550       1.80338609    
   1.39501846       5.35277128       1.80819094    
   1.39601851       5.35458183       1.81299758    
   1.39701855       5.35639715       1.81780612    
   1.39801860       5.35821724       1.82261646    
   1.39901865       5.36004210       1.82742858    
   1.40001869       5.36187172       1.83224249    
   1.40101874       5.36370659       1.83705831    
   1.40201879       5.36554623       1.84187591    
   1.40301883       5.36739063       1.84669542    
   1.40401888       5.36923981       1.85151672    
   1.40501893       5.37109375       1.85633993    
   1.40601897       5.37295246       1.86116493    
   1.40701902       5.37481594       1.86599183    
   1.40801907       5.37668419       1.87082064    
   1.40901911       5.37855721       1.87565124    
   1.41001916       5.38043547       1.88048375    
   1.41101921       5.38231850       1.88531816    
   1.41201925       5.38420630       1.89015448    
   1.41301930       5.38609886       1.89499271    
   1.41401935       5.38799620       1.89983284    
   1.41501939       5.38989830       1.90467489    
   1.41601944       5.39180517       1.90951884    
   1.41701949       5.39371729       1.91436470    
   1.41801953       5.39563417       1.91921246    
   1.41901958       5.39755583       1.92406213    
   1.42001963       5.39948225       1.92891371    
   1.42101967       5.40141344       1.93376732    
   1.42201972       5.40334940       1.93862283    
   1.42301977       5.40529060       1.94348025    
   1.42401981       5.40723658       1.94833970    
   1.42501986       5.40918732       1.95320106    
   1.42601991       5.41114283       1.95806444    
   1.42701995       5.41310310       1.96292973    
   1.42802000       5.41506863       1.96779704    
   1.42902005       5.41703892       1.97266638    
   1.43002009       5.41901398       1.97753763    
   1.43102014       5.42099380       1.98241091    
   1.43202019       5.42297888       1.98728621    
   1.43302023       5.42496872       1.99216354    
   1.43402028       5.42696333       1.99704289    
   1.43502033       5.42896271       2.00192428    
   1.43602037       5.43096685       2.00680757    
   1.43702042       5.43297625       2.01169300    
   1.43802047       5.43499041       2.01658034    
   1.43902051       5.43700933       2.02146983    
   1.44002056       5.43903303       2.02636123    
   1.44102061       5.44106197       2.03125477    
   1.44202065       5.44309568       2.03615046    
   1.44302070       5.44513416       2.04104805    
   1.44402075       5.44717789       2.04594779    
   1.44502079       5.44922638       2.05084968    
   1.44602084       5.45127964       2.05575347    
   1.44702089       5.45333767       2.06065941    
   1.44802094       5.45540094       2.06556749    
   1.44902098       5.45746899       2.07047772    
   1.45002103       5.45954180       2.07539010    
   1.45102108       5.46161985       2.08030438    
   1.45202112       5.46370268       2.08522081    
   1.45302117       5.46579027       2.09013939    
   1.45402122       5.46788263       2.09506011    
   1.45502126       5.46998024       2.09998298    
   1.45602131       5.47208261       2.10490799    
   1.45702136       5.47418976       2.10983515    
   1.45802140       5.47630215       2.11476445    
   1.45902145       5.47841930       2.11969590    
   1.46002150       5.48054123       2.12462950    
   1.46102154       5.48266840       2.12956524    
   1.46202159       5.48480034       2.13450313    
   1.46302164       5.48693752       2.13944316    
   1.46402168       5.48907948       2.14438558    
   1.46502173       5.49122620       2.14933014    
   1.46602178       5.49337816       2.15427685    
   1.46702182       5.49553490       2.15922570    
   1.46802187       5.49769640       2.16417670    
   1.46902192       5.49986315       2.16913009    
   1.47002196       5.50203466       2.17408562    
   1.47102201       5.50421143       2.17904329    
   1.47202206       5.50639296       2.18400335    
   1.47302210       5.50857925       2.18896556    
   1.47402215       5.51077080       2.19392991    
   1.47502220       5.51296711       2.19889665    
   1.47602224       5.51516867       2.20386553    
   1.47702229       5.51737499       2.20883679    
   1.47802234       5.51958609       2.21381021    
   1.47902238       5.52180243       2.21878600    
   1.48002243       5.52402353       2.22376394    
   1.48102248       5.52624989       2.22874427    
   1.48202252       5.52848101       2.23372674    
   1.48302257       5.53071737       2.23871160    
   1.48402262       5.53295851       2.24369884    
   1.48502266       5.53520489       2.24868822    
   1.48602271       5.53745604       2.25367999    
   1.48702276       5.53971243       2.25867414    
   1.48802280       5.54197359       2.26367044    
   1.48902285       5.54424000       2.26866913    
   1.49002290       5.54651117       2.27367020    
   1.49102294       5.54878712       2.27867365    
   1.49202299       5.55106831       2.28367949    
   1.49302304       5.55335426       2.28868771    
   1.49402308       5.55564547       2.29369807    
   1.49502313       5.55794144       2.29871082    
   1.49602318       5.56024265       2.30372596    
   1.49702322       5.56254911       2.30874348    
   1.49802327       5.56486034       2.31376338    
   1.49902332       5.56717682       2.31878567    
   1.50002337       5.56949806       2.32381034    
   1.50102341       5.57182455       2.32883739    
   1.50202346       5.57415581       2.33386683    
   1.50302351       5.57649231       2.33889866    
   1.50402355       5.57883358       2.34393311    
   1.50502360       5.58118010       2.34896994    
   1.50602365       5.58353138       2.35400915    
   1.50702369       5.58588791       2.35905075    
   1.50802374       5.58824968       2.36409473    
   1.50902379       5.59061623       2.36914134    
   1.51002383       5.59298801       2.37419033    
   1.51102388       5.59536457       2.37924170    
   1.51202393       5.59774637       2.38429570    
   1.51302397       5.60013342       2.38935208    
   1.51402402       5.60252523       2.39441085    
   1.51502407       5.60492229       2.39947224    
   1.51602411       5.60732412       2.40453601    
   1.51702416       5.60973120       2.40960240    
   1.51802421       5.61214352       2.41467118    
   1.51902425       5.61456060       2.41974258    
   1.52002430       5.61698294       2.42481637    
   1.52102435       5.61941051       2.42989278    
   1.52202439       5.62184286       2.43497157    
   1.52302444       5.62428045       2.44005299    
   1.52402449       5.62672281       2.44513679    
   1.52502453       5.62917042       2.45022321    
   1.52602458       5.63162327       2.45531225    
   1.52702463       5.63408136       2.46040368    
   1.52802467       5.63654423       2.46549773    
   1.52902472       5.63901234       2.47059441    
   1.53002477       5.64148569       2.47569370    
   1.53102481       5.64396381       2.48079562    
   1.53202486       5.64644718       2.48589993    
   1.53302491       5.64893579       2.49100685    
   1.53402495       5.65142918       2.49611640    
   1.53502500       5.65392780       2.50122857    
   1.53602505       5.65643167       2.50634336    
   1.53702509       5.65894079       2.51146078    
   1.53802514       5.66145468       2.51658082    
   1.53902519       5.66397381       2.52170348    
   1.54002523       5.66649818       2.52682877    
   1.54102528       5.66902781       2.53195667    
   1.54202533       5.67156219       2.53708720    
   1.54302537       5.67410183       2.54222035    
   1.54402542       5.67664671       2.54735613    
   1.54502547       5.67919683       2.55249476    
   1.54602551       5.68175173       2.55763602    
   1.54702556       5.68431187       2.56277990    
   1.54802561       5.68687725       2.56792641    
   1.54902565       5.68944788       2.57307553    
   1.55002570       5.69202375       2.57822752    
   1.55102575       5.69460440       2.58338213    
   1.55202579       5.69719028       2.58853936    
   1.55302584       5.69978142       2.59369946    
   1.55402589       5.70237780       2.59886217    
   1.55502594       5.70497942       2.60402775    
   1.55602598       5.70758581       2.60919595    
   1.55702603       5.71019745       2.61436701    
   1.55802608       5.71281433       2.61954069    
   1.55902612       5.71543646       2.62471724    
   1.56002617       5.71806383       2.62989640    
   1.56102622       5.72069645       2.63507843    
   1.56202626       5.72333431       2.64026308    
   1.56302631       5.72597694       2.64545059    
   1.56402636       5.72862482       2.65064096    
   1.56502640       5.73127794       2.65583396    
   1.56602645       5.73393631       2.66102982    
   1.56702650       5.73659992       2.66622853    
   1.56802654       5.73926878       2.67143011    
   1.56902659       5.74194288       2.67663431    
   1.57002664       5.74462223       2.68184137    
   1.57102668       5.74730682       2.68705130    
   1.57202673       5.74999666       2.69226408    
   1.57302678       5.75269175       2.69747972    
   1.57402682       5.75539160       2.70269823    
   1.57502687       5.75809669       2.70791960    
   1.57602692       5.76080704       2.71314383    
   1.57702696       5.76352262       2.71837091    
   1.57802701       5.76624346       2.72360086    
   1.57902706       5.76896954       2.72883368    
   1.58002710       5.77170086       2.73406935    
   1.58102715       5.77443743       2.73930788    
   1.58202720       5.77717924       2.74454927    
   1.58302724       5.77992630       2.74979353    
   1.58402729       5.78267860       2.75504065    
   1.58502734       5.78543615       2.76029086    
   1.58602738       5.78819895       2.76554394    
   1.58702743       5.79096699       2.77079988    
   1.58802748       5.79374027       2.77605867    
   1.58902752       5.79651880       2.78132057    
   1.59002757       5.79930258       2.78658533    
   1.59102762       5.80209160       2.79185295    
   1.59202766       5.80488586       2.79712367    
   1.59302771       5.80768585       2.80239725    
   1.59402776       5.81049109       2.80767393    
   1.59502780       5.81330156       2.81295347    
   1.59602785       5.81611729       2.81823611    
   1.59702790       5.81893826       2.82352161    
   1.59802794       5.82176447       2.82881021    
   1.59902799       5.82459593       2.83410168    
   1.60002804       5.82743263       2.83939624    
   1.60102808       5.83027458       2.84469390    
   1.60202813       5.83312178       2.84999442    
   1.60302818       5.83597422       2.85529804    
   1.60402822       5.83883238       2.86060476    
   1.60502827       5.84169579       2.86591458    
   1.60602832       5.84456444       2.87122726    
   1.60702837       5.84743834       2.87654305    
   1.60802841       5.85031748       2.88186193    
   1.60902846       5.85320187       2.88718390    
   1.61002851       5.85609150       2.89250898    
   1.61102855       5.85898685       2.89783716    
   1.61202860       5.86188745       2.90316844    
   1.61302865       5.86479330       2.90850282    
   1.61402869       5.86770439       2.91384029    
   1.61502874       5.87062073       2.91918087    
   1.61602879       5.87354279       2.92452455    
   1.61702883       5.87647009       2.92987132    
   1.61802888       5.87940264       2.93522120    
   1.61902893       5.88234043       2.94057417    
   1.62002897       5.88528347       2.94593024    
   1.62102902       5.88823223       2.95128942    
   1.62202907       5.89118624       2.95665193    
   1.62302911       5.89414549       2.96201754    
   1.62402916       5.89710999       2.96738625    
   1.62502921       5.90008020       2.97275805    
   1.62602925       5.90305567       2.97813320    
   1.62702930       5.90603638       2.98351145    
   1.62802935       5.90902281       2.98889303    
   1.62902939       5.91201448       2.99427772    
   1.63002944       5.91501141       2.99966550    
   1.63102949       5.91801357       3.00505662    
   1.63202953       5.92102146       3.01045084    
   1.63302958       5.92403460       3.01584840    
   1.63402963       5.92705297       3.02124906    
   1.63502967       5.93007708       3.02665305    
   1.63602972       5.93310642       3.03206038    
   1.63702977       5.93614101       3.03747082    
   1.63802981       5.93918133       3.04288459    
   1.63902986       5.94222689       3.04830170    
   1.64002991       5.94527769       3.05372190    
   1.64102995       5.94833422       3.05914545    
   1.64203000       5.95139599       3.06457233    
   1.64303005       5.95446348       3.07000256    
   1.64403009       5.95753622       3.07543612    
   1.64503014       5.96061420       3.08087277    
   1.64603019       5.96369791       3.08631277    
   1.64703023       5.96678686       3.09175611    
   1.64803028       5.96988153       3.09720278    
   1.64903033       5.97298145       3.10265279    
   1.65003037       5.97608662       3.10810614    
   1.65103042       5.97919750       3.11356282    
   1.65203047       5.98231363       3.11902285    
   1.65303051       5.98543549       3.12448621    
   1.65403056       5.98856258       3.12995315    
   1.65503061       5.99169540       3.13542342    
   1.65603065       5.99483347       3.14089704    
   1.65703070       5.99797726       3.14637399    
   1.65803075       6.00112629       3.15185428    
   1.65903080       6.00428104       3.15733814    
   1.66003084       6.00744104       3.16282535    
   1.66103089       6.01060677       3.16831589    
   1.66203094       6.01377773       3.17381001    
   1.66303098       6.01695442       3.17930746    
   1.66403103       6.02013636       3.18480825    
   1.66503108       6.02332401       3.19031262    
   1.66603112       6.02651691       3.19582033    
   1.66703117       6.02971554       3.20133162    
   1.66803122       6.03291941       3.20684624    
   1.66903126       6.03612900       3.21236444    
   1.67003131       6.03934431       3.21788597    
   1.67103136       6.04256487       3.22341108    
   1.67203140       6.04579115       3.22893977    
   1.67303145       6.04902267       3.23447180    
   1.67403150       6.05225992       3.24000740    
   1.67503154       6.05550289       3.24554658    
   1.67603159       6.05875111       3.25108910    
   1.67703164       6.06200504       3.25663519    
   1.67803168       6.06526423       3.26218486    
   1.67903173       6.06852913       3.26773810    
   1.68003178       6.07179976       3.27329493    
   1.68103182       6.07507563       3.27885532    
   1.68203187       6.07835722       3.28441930    
   1.68303192       6.08164454       3.28998685    
   1.68403196       6.08493710       3.29555798    
   1.68503201       6.08823538       3.30113268    
   1.68603206       6.09153938       3.30671096    
   1.68703210       6.09484911       3.31229281    
   1.68803215       6.09816408       3.31787825    
   1.68903220       6.10148478       3.32346725    
   1.69003224       6.10481119       3.32905984    
   1.69103229       6.10814285       3.33465600    
   1.69203234       6.11148024       3.34025598    
   1.69303238       6.11482334       3.34585953    
   1.69403243       6.11817217       3.35146666    
   1.69503248       6.12152624       3.35707736    
   1.69603252       6.12488604       3.36269188    
   1.69703257       6.12825155       3.36830997    
   1.69803262       6.13162279       3.37393165    
   1.69903266       6.13499975       3.37955713    
   1.70003271       6.13838196       3.38518620    
   1.70103276       6.14176989       3.39081907    
   1.70203280       6.14516354       3.39645553    
   1.70303285       6.14856291       3.40209579    
   1.70403290       6.15196800       3.40773988    
   1.70503294       6.15537834       3.41338754    
   1.70603299       6.15879440       3.41903901    
   1.70703304       6.16221619       3.42469406    
   1.70803308       6.16564369       3.43035293    
   1.70903313       6.16907692       3.43601561    
   1.71003318       6.17251587       3.44168210    
   1.71103323       6.17596054       3.44735217    
   1.71203327       6.17941093       3.45302606    
   1.71303332       6.18286657       3.45870376    
   1.71403337       6.18632793       3.46438527    
   1.71503341       6.18979502       3.47007060    
   1.71603346       6.19326782       3.47575974    
   1.71703351       6.19674635       3.48145270    
   1.71803355       6.20023060       3.48714948    
   1.71903360       6.20372057       3.49285007    
   1.72003365       6.20721626       3.49855447    
   1.72103369       6.21071768       3.50426269    
   1.72203374       6.21422482       3.50997472    
   1.72303379       6.21773767       3.51569057    
   1.72403383       6.22125626       3.52141023    
   1.72503388       6.22478056       3.52713394    
   1.72603393       6.22831059       3.53286147    
   1.72703397       6.23184633       3.53859282    
   1.72803402       6.23538780       3.54432821    
   1.72903407       6.23893499       3.55006742    
   1.73003411       6.24248791       3.55581045    
   1.73103416       6.24604654       3.56155753    
   1.73203421       6.24961090       3.56730843    
   1.73303425       6.25318098       3.57306337    
   1.73403430       6.25675678       3.57882214    
   1.73503435       6.26033831       3.58458495    
   1.73603439       6.26392555       3.59035158    
   1.73703444       6.26751900       3.59612226    
   1.73803449       6.27111816       3.60189676    
   1.73903453       6.27472305       3.60767531    
   1.74003458       6.27833366       3.61345792    
   1.74103463       6.28195000       3.61924434    
   1.74203467       6.28557205       3.62503481    
   1.74303472       6.28919983       3.63082933    
   1.74403477       6.29283333       3.63662791    
   1.74503481       6.29647303       3.64243031    
   1.74603486       6.30011845       3.64823675    
   1.74703491       6.30376959       3.65404725    
   1.74803495       6.30742645       3.65986180    
   1.74903500       6.31108904       3.66568041    
   1.75003505       6.31475782       3.67150307    
   1.75103509       6.31843233       3.67732978    
   1.75203514       6.32211256       3.68316054    
   1.75303519       6.32579851       3.68899536    
   1.75403523       6.32949066       3.69483423    
   1.75503528       6.33318853       3.70067716    
   1.75603533       6.33689213       3.70652437    
   1.75703537       6.34060144       3.71237564    
   1.75803542       6.34431696       3.71823096    
   1.75903547       6.34803820       3.72409034    
   1.76003551       6.35176516       3.72995400    
   1.76103556       6.35549784       3.73582172    
   1.76203561       6.35923672       3.74169350    
   1.76303566       6.36298132       3.74756956    
   1.76403570       6.36673164       3.75344968    
   1.76503575       6.37048817       3.75933409    
   1.76603580       6.37425041       3.76522255    
   1.76703584       6.37801838       3.77111530    
   1.76803589       6.38179255       3.77701211    
   1.76903594       6.38557243       3.78291321    
   1.77003598       6.38935852       3.78881836    
   1.77103603       6.39315033       3.79472780    
   1.77203608       6.39694786       3.80064154    
   1.77303612       6.40075159       3.80655932    
   1.77403617       6.40456104       3.81248140    
   1.77503622       6.40837669       3.81840777    
   1.77603626       6.41219807       3.82433844    
   1.77703631       6.41602516       3.83027339    
   1.77803636       6.41985846       3.83621240    
   1.77903640       6.42369747       3.84215569    
   1.78003645       6.42754269       3.84810328    
   1.78103650       6.43139362       3.85405517    
   1.78203654       6.43525076       3.86001134    
   1.78303659       6.43911362       3.86597180    
   1.78403664       6.44298267       3.87193656    
   1.78503668       6.44685745       3.87790585    
   1.78603673       6.45073843       3.88387942    
   1.78703678       6.45462513       3.88985729    
   1.78803682       6.45851803       3.89583945    
   1.78903687       6.46241665       3.90182590    
   1.79003692       6.46632147       3.90781665    
   1.79103696       6.47023249       3.91381192    
   1.79203701       6.47414923       3.91981149    
   1.79303706       6.47807217       3.92581534    
   1.79403710       6.48200083       3.93182373    
   1.79503715       6.48593569       3.93783641    
   1.79603720       6.48987675       3.94385362    
   1.79703724       6.49382353       3.94987512    
   1.79803729       6.49777651       3.95590115    
   1.79903734       6.50173521       3.96193147    
   1.80003738       6.50570011       3.96796632    
   1.80103743       6.50967121       3.97400570    
   1.80203748       6.51364803       3.98004937    
   1.80303752       6.51763105       3.98609757    
   1.80403757       6.52162027       3.99215031    
   1.80503762       6.52561522       3.99820733    
   1.80603766       6.52961636       4.00426912    
   1.80703771       6.53362370       4.01033497    
   1.80803776       6.53763723       4.01640558    
   1.80903780       6.54165649       4.02248049    
   1.81003785       6.54568195       4.02856016    
   1.81103790       6.54971361       4.03464413    
   1.81203794       6.55375147       4.04073286    
   1.81303799       6.55779505       4.04682589    
   1.81403804       6.56184483       4.05292368    
   1.81503808       6.56590080       4.05902576    
   1.81603813       6.56996298       4.06513262    
   1.81703818       6.57403135       4.07124376    
   1.81803823       6.57810545       4.07735968    
   1.81903827       6.58218575       4.08348036    
   1.82003832       6.58627224       4.08960533    
   1.82103837       6.59036493       4.09573507    
   1.82203841       6.59446383       4.10186958    
   1.82303846       6.59856892       4.10800838    
   1.82403851       6.60268021       4.11415195    
   1.82503855       6.60679722       4.12030029    
   1.82603860       6.61092043       4.12645292    
   1.82703865       6.61504984       4.13261032    
   1.82803869       6.61918545       4.13877249    
   1.82903874       6.62332726       4.14493942    
   1.83003879       6.62747526       4.15111065    
   1.83103883       6.63162947       4.15728664    
   1.83203888       6.63578987       4.16346741    
   1.83303893       6.63995647       4.16965294    
   1.83403897       6.64412928       4.17584324    
   1.83503902       6.64830828       4.18203831    
   1.83603907       6.65249348       4.18823814    
   1.83703911       6.65668488       4.19444227    
   1.83803916       6.66088247       4.20065117    
   1.83903921       6.66508627       4.20686483    
   1.84003925       6.66929626       4.21308327    
   1.84103930       6.67351246       4.21930647    
   1.84203935       6.67773485       4.22553444    
   1.84303939       6.68196344       4.23176718    
   1.84403944       6.68619823       4.23800468    
   1.84503949       6.69043922       4.24424696    
   1.84603953       6.69468641       4.25049400    
   1.84703958       6.69893980       4.25674629    
   1.84803963       6.70319986       4.26300335    
   1.84903967       6.70746613       4.26926517    
   1.85003972       6.71173859       4.27553177    
   1.85103977       6.71601725       4.28180313    
   1.85203981       6.72030210       4.28807926    
   1.85303986       6.72459316       4.29436016    
   1.85403991       6.72889090       4.30064631    
   1.85503995       6.73319483       4.30693722    
   1.85604000       6.73750496       4.31323290    
   1.85704005       6.74182129       4.31953335    
   1.85804009       6.74614382       4.32583904    
   1.85904014       6.75047302       4.33214951    
   1.86004019       6.75480843       4.33846474    
   1.86104023       6.75915003       4.34478474    
   1.86204028       6.76349783       4.35110998    
   1.86304033       6.76785231       4.35743999    
   1.86404037       6.77221298       4.36377525    
   1.86504042       6.77657986       4.37011528    
   1.86604047       6.78095293       4.37646008    
   1.86704051       6.78533268       4.38281012    
   1.86804056       6.78971863       4.38916492    
   1.86904061       6.79411077       4.39552498    
   1.87004066       6.79850960       4.40188980    
   1.87104070       6.80291462       4.40825987    
   1.87204075       6.80732584       4.41463470    
   1.87304080       6.81174374       4.42101479    
   1.87404084       6.81616783       4.42739964    
   1.87504089       6.82059860       4.43378973    
   1.87604094       6.82503557       4.44018459    
   1.87704098       6.82947874       4.44658470    
   1.87804103       6.83392859       4.45299006    
   1.87904108       6.83838463       4.45940018    
   1.88004112       6.84284735       4.46581554    
   1.88104117       6.84731627       4.47223616    
   1.88204122       6.85179186       4.47866154    
   1.88304126       6.85627365       4.48509216    
   1.88404131       6.86076212       4.49152803    
   1.88504136       6.86525679       4.49796915    
   1.88604140       6.86975813       4.50441504    
   1.88704145       6.87426567       4.51086617    
   1.88804150       6.87877989       4.51732254    
   1.88904154       6.88330030       4.52378416    
   1.89004159       6.88782740       4.53025103    
   1.89104164       6.89236069       4.53672266    
   1.89204168       6.89690065       4.54319954    
   1.89304173       6.90144730       4.54968166    
   1.89404178       6.90600014       4.55616903    
   1.89504182       6.91055965       4.56266165    
   1.89604187       6.91512537       4.56915951    
   1.89704192       6.91969776       4.57566261    
   1.89804196       6.92427683       4.58217096    
   1.89904201       6.92886209       4.58868456    
   1.90004206       6.93345404       4.59520340    
   1.90104210       6.93805265       4.60172749    
   1.90204215       6.94265747       4.60825682    
   1.90304220       6.94726896       4.61479139    
   1.90404224       6.95188713       4.62133121    
   1.90504229       6.95651150       4.62787628    
   1.90604234       6.96114254       4.63442659    
   1.90704238       6.96578026       4.64098215    
   1.90804243       6.97042465       4.64754343    
   1.90904248       6.97507524       4.65410995    
   1.91004252       6.97973251       4.66068172    
   1.91104257       6.98439646       4.66725874    
   1.91204262       6.98906708       4.67384100    
   1.91304266       6.99374437       4.68042898    
   1.91404271       6.99842787       4.68702221    
   1.91504276       7.00311804       4.69362068    
   1.91604280       7.00781488       4.70022488    
   1.91704285       7.01251841       4.70683432    
   1.91804290       7.01722860       4.71344900    
   1.91904294       7.02194548       4.72006941    
   1.92004299       7.02666903       4.72669506    
   1.92104304       7.03139925       4.73332596    
   1.92204309       7.03613567       4.73996258    
   1.92304313       7.04087877       4.74660444    
   1.92404318       7.04562855       4.75325203    
   1.92504323       7.05038500       4.75990486    
   1.92604327       7.05514812       4.76656342    
   1.92704332       7.05991793       4.77322721    
   1.92804337       7.06469440       4.77989674    
   1.92904341       7.06947756       4.78657150    
   1.93004346       7.07426739       4.79325199    
   1.93104351       7.07906389       4.79993773    
   1.93204355       7.08386707       4.80662918    
   1.93304360       7.08867693       4.81332636    
   1.93404365       7.09349346       4.82002878    
   1.93504369       7.09831667       4.82673693    
   1.93604374       7.10314655       4.83345079    
   1.93704379       7.10798359       4.84016991    
   1.93804383       7.11282730       4.84689474    
   1.93904388       7.11767769       4.85362530    
   1.94004393       7.12253475       4.86036158    
   1.94104397       7.12739849       4.86710310    
   1.94204402       7.13226891       4.87385035    
   1.94304407       7.13714600       4.88060331    
   1.94404411       7.14202976       4.88736200    
   1.94504416       7.14692068       4.89412642    
   1.94604421       7.15181828       4.90089607    
   1.94704425       7.15672255       4.90767145    
   1.94804430       7.16163349       4.91445255    
   1.94904435       7.16655111       4.92123938    
   1.95004439       7.17147589       4.92803192    
   1.95104444       7.17640734       4.93483019    
   1.95204449       7.18134546       4.94163418    
   1.95304453       7.18629026       4.94844389    
   1.95404458       7.19124222       4.95525932    
   1.95504463       7.19620085       4.96208048    
   1.95604467       7.20116615       4.96890736    
   1.95704472       7.20613861       4.97573996    
   1.95804477       7.21111774       4.98257828    
   1.95904481       7.21610355       4.98942232    
   1.96004486       7.22109652       4.99627256    
   1.96104491       7.22609615       5.00312853    
   1.96204495       7.23110294       5.00999022    
   1.96304500       7.23611641       5.01685762    
   1.96404505       7.24113655       5.02373075    
   1.96504509       7.24616385       5.03061008    
   1.96604514       7.25119781       5.03749514    
   1.96704519       7.25623894       5.04438591    
   1.96804523       7.26128674       5.05128241    
   1.96904528       7.26634169       5.05818510    
   1.97004533       7.27140331       5.06509352    
   1.97104537       7.27647209       5.07200766    
   1.97204542       7.28154755       5.07892799    
   1.97304547       7.28663015       5.08585405    
   1.97404552       7.29171944       5.09278631    
   1.97504556       7.29681587       5.09972429    
   1.97604561       7.30191898       5.10666800    
   1.97704566       7.30702925       5.11361790    
   1.97804570       7.31214619       5.12057352    
   1.97904575       7.31727028       5.12753534    
   1.98004580       7.32240152       5.13450289    
   1.98104584       7.32753944       5.14147663    
   1.98204589       7.33268452       5.14845657    
   1.98304594       7.33783627       5.15544224    
   1.98404598       7.34299517       5.16243410    
   1.98504603       7.34816122       5.16943169    
   1.98604608       7.35333395       5.17643547    
   1.98704612       7.35851383       5.18344545    
   1.98804617       7.36370087       5.19046116    
   1.98904622       7.36889505       5.19748306    
   1.99004626       7.37409592       5.20451117    
   1.99104631       7.37930393       5.21154499    
   1.99204636       7.38451910       5.21858501    
   1.99304640       7.38974142       5.22563124    
   1.99404645       7.39497042       5.23268366    
   1.99504650       7.40020657       5.23974228    
   1.99604654       7.40544987       5.24680662    
   1.99704659       7.41070032       5.25387716    
   1.99804664       7.41595793       5.26095390    
   1.99904668       7.42122221       5.26803684    
   2.00004673       7.42649364       5.27512598    
   2.00104666       7.43177223       5.28222132    
   2.00204659       7.43705797       5.28932285    
   2.00304651       7.44235086       5.29643059    
   2.00404644       7.44765091       5.30354452    
   2.00504637       7.45295811       5.31066465    
   2.00604630       7.45827246       5.31779099    
   2.00704622       7.46359396       5.32492352    
   2.00804615       7.46892262       5.33206224    
   2.00904608       7.47425842       5.33920717    
   2.01004601       7.47960138       5.34635830    
   2.01104593       7.48495150       5.35351562    
   2.01204586       7.49030876       5.36067963    
   2.01304579       7.49567318       5.36784983    
   2.01404572       7.50104475       5.37502623    
   2.01504564       7.50642347       5.38220882    
   2.01604557       7.51180935       5.38939762    
   2.01704550       7.51720238       5.39659309    
   2.01804543       7.52260256       5.40379477    
   2.01904535       7.52800989       5.41100264    
   2.02004528       7.53342438       5.41821718    
   2.02104521       7.53884602       5.42543793    
   2.02204514       7.54427528       5.43266487    
   2.02304506       7.54971170       5.43989849    
   2.02404499       7.55515528       5.44713831    
   2.02504492       7.56060600       5.45438480    
   2.02604485       7.56606388       5.46163750    
   2.02704477       7.57152891       5.46889687    
   2.02804470       7.57700157       5.47616243    
   2.02904463       7.58248138       5.48343468    
   2.03004456       7.58796835       5.49071312    
   2.03104448       7.59346247       5.49799824    
   2.03204441       7.59896421       5.50528955    
   2.03304434       7.60447311       5.51258755    
   2.03404427       7.60998917       5.51989174    
   2.03504419       7.61551285       5.52720261    
   2.03604412       7.62104368       5.53452015    
   2.03704405       7.62658167       5.54184389    
   2.03804398       7.63212729       5.54917431    
   2.03904390       7.63768005       5.55651140    
   2.04004383       7.64324045       5.56385469    
   2.04104376       7.64880800       5.57120466    
   2.04204369       7.65438271       5.57856131    
   2.04304361       7.65996504       5.58592463    
   2.04404354       7.66555452       5.59329462    
   2.04504347       7.67115164       5.60067081    
   2.04604340       7.67675591       5.60805368    
   2.04704332       7.68236780       5.61544323    
   2.04804325       7.68798685       5.62283945    
   2.04904318       7.69361353       5.63024235    
   2.05004311       7.69924736       5.63765192    
   2.05104303       7.70488882       5.64506817    
   2.05204296       7.71053743       5.65249109    
   2.05304289       7.71619368       5.65992069    
   2.05404282       7.72185755       5.66735697    
   2.05504274       7.72752857       5.67479992    
   2.05604267       7.73320723       5.68224955    
   2.05704260       7.73889303       5.68970585    
   2.05804253       7.74458647       5.69716883    
   2.05904245       7.75028753       5.70463896    
   2.06004238       7.75599575       5.71211576    
   2.06104231       7.76171160       5.71959925    
   2.06204224       7.76743507       5.72708941    
   2.06304216       7.77316570       5.73458624    
   2.06404209       7.77890396       5.74209023    
   2.06504202       7.78464985       5.74960089    
   2.06604195       7.79040337       5.75711823    
   2.06704187       7.79616404       5.76464224    
   2.06804180       7.80193233       5.77217340    
   2.06904173       7.80770826       5.77971125    
   2.07004166       7.81349182       5.78725576    
   2.07104158       7.81928301       5.79480743    
   2.07204151       7.82508183       5.80236578    
   2.07304144       7.83088779       5.80993128    
   2.07404137       7.83670139       5.81750345    
   2.07504129       7.84252262       5.82508278    
   2.07604122       7.84835148       5.83266878    
   2.07704115       7.85418797       5.84026194    
   2.07804108       7.86003208       5.84786177    
   2.07904100       7.86588383       5.85546875    
   2.08004093       7.87174320       5.86308241    
   2.08104086       7.87761021       5.87070322    
   2.08204079       7.88348484       5.87833118    
   2.08304071       7.88936710       5.88596582    
   2.08404064       7.89525700       5.89360762    
   2.08504057       7.90115452       5.90125656    
   2.08604050       7.90705967       5.90891218    
   2.08704042       7.91297245       5.91657495    
   2.08804035       7.91889286       5.92424488    
   2.08904028       7.92482090       5.93192196    
   2.09004021       7.93075657       5.93960571    
   2.09104013       7.93669987       5.94729662    
   2.09204006       7.94265079       5.95499468    
   2.09303999       7.94860983       5.96269989    
   2.09403992       7.95457649       5.97041225    
   2.09503984       7.96055079       5.97813177    
   2.09603977       7.96653271       5.98585844    
   2.09703970       7.97252226       5.99359226    
   2.09803963       7.97851992       6.00133324    
   2.09903955       7.98452520       6.00908136    
   2.10003948       7.99053812       6.01683664    
   2.10103941       7.99655867       6.02459908    
   2.10203934       8.00258732       6.03236866    
   2.10303926       8.00862312       6.04014540    
   2.10403919       8.01466751       6.04792929    
   2.10503912       8.02071953       6.05572033    
   2.10603905       8.02677917       6.06351852    
   2.10703897       8.03284645       6.07132435    
   2.10803890       8.03892136       6.07913733    
   2.10903883       8.04500484       6.08695745    
   2.11003876       8.05109596       6.09478474    
   2.11103868       8.05719471       6.10261965    
   2.11203861       8.06330109       6.11046171    
   2.11303854       8.06941509       6.11831093    
   2.11403847       8.07553768       6.12616777    
   2.11503839       8.08166790       6.13403177    
   2.11603832       8.08780575       6.14190292    
   2.11703825       8.09395123       6.14978170    
   2.11803818       8.10010529       6.15766764    
   2.11903811       8.10626698       6.16556120    
   2.12003803       8.11243629       6.17346191    
   2.12103796       8.11861324       6.18137026    
   2.12203789       8.12479877       6.18928576    
   2.12303782       8.13099194       6.19720888    
   2.12403774       8.13719273       6.20513916    
   2.12503767       8.14340210       6.21307707    
   2.12603760       8.14961910       6.22102213    
   2.12703753       8.15584373       6.22897482    
   2.12803745       8.16207695       6.23693514    
   2.12903738       8.16831779       6.24490261    
   2.13003731       8.17456627       6.25287771    
   2.13103724       8.18082333       6.26086044    
   2.13203716       8.18708801       6.26885080    
   2.13303709       8.19336128       6.27684832    
   2.13403702       8.19964218       6.28485346    
   2.13503695       8.20593071       6.29286623    
   2.13603687       8.21222782       6.30088663    
   2.13703680       8.21853256       6.30891466    
   2.13803673       8.22484589       6.31695032    
   2.13903666       8.23116684       6.32499361    
   2.14003658       8.23749542       6.33304405    
   2.14103651       8.24383259       6.34110212    
   2.14203644       8.25017738       6.34916782    
   2.14303637       8.25653076       6.35724115    
   2.14403629       8.26289177       6.36532211    
   2.14503622       8.26926136       6.37341118    
   2.14603615       8.27563858       6.38150787    
   2.14703608       8.28202438       6.38961220    
   2.14803600       8.28841782       6.39772415    
   2.14903593       8.29481983       6.40584373    
   2.15003586       8.30122948       6.41397095    
   2.15103579       8.30764771       6.42210579    
   2.15203571       8.31407356       6.43024874    
   2.15303564       8.32050800       6.43839931    
   2.15403557       8.32695007       6.44655752    
   2.15503550       8.33340073       6.45472336    
   2.15603542       8.33985996       6.46289730    
   2.15703535       8.34632683       6.47107887    
   2.15803528       8.35280228       6.47926807    
   2.15903521       8.35928535       6.48746538    
   2.16003513       8.36577702       6.49567032    
   2.16103506       8.37227726       6.50388336    
   2.16203499       8.37878513       6.51210403    
   2.16303492       8.38530159       6.52033281    
   2.16403484       8.39182568       6.52856922    
   2.16503477       8.39835835       6.53681374    
   2.16603470       8.40489960       6.54506588    
   2.16703463       8.41144848       6.55332613    
   2.16803455       8.41800594       6.56159401    
   2.16903448       8.42457199       6.56987000    
   2.17003441       8.43114567       6.57815409    
   2.17103434       8.43772793       6.58644581    
   2.17203426       8.44431877       6.59474564    
   2.17303419       8.45091724       6.60305357    
   2.17403412       8.45752430       6.61136913    
   2.17503405       8.46413994       6.61969280    
   2.17603397       8.47076416       6.62802458    
   2.17703390       8.47739601       6.63636446    
   2.17803383       8.48403645       6.64471245    
   2.17903376       8.49068546       6.65306807    
   2.18003368       8.49734306       6.66143179    
   2.18103361       8.50400829       6.66980362    
   2.18203354       8.51068211       6.67818356    
   2.18303347       8.51736450       6.68657160    
   2.18403339       8.52405548       6.69496775    
   2.18503332       8.53075504       6.70337200    
   2.18603325       8.53746223       6.71178436    
   2.18703318       8.54417801       6.72020483    
   2.18803310       8.55090237       6.72863340    
   2.18903303       8.55763531       6.73707008    
   2.19003296       8.56437683       6.74551487    
   2.19103289       8.57112694       6.75396824    
   2.19203281       8.57788467       6.76242971    
   2.19303274       8.58465099       6.77089930    
   2.19403267       8.59142590       6.77937698    
   2.19503260       8.59820938       6.78786278    
   2.19603252       8.60500145       6.79635715    
   2.19703245       8.61180210       6.80485964    
   2.19803238       8.61861134       6.81337023    
   2.19903231       8.62542915       6.82188940    
   2.20003223       8.63225555       6.83041668    
