   1.00000005E-03   4.99988813E-03   4.99984646    
   2.00000009E-03   9.99965146E-03   4.99965906    
   3.00000003E-03   1.49991643E-02   4.99934673    
   4.00000019E-03   1.99983027E-02   4.99890947    
   5.00000035E-03   2.49969419E-02   4.99834681    
   6.00000052E-03   2.99949553E-02   4.99765921    
   7.00000068E-03   3.49922180E-02   4.99684668    
   8.00000038E-03   3.99886072E-02   4.99590921    
   9.00000054E-03   4.49839979E-02   4.99484682    
   1.00000007E-02   4.99782637E-02   4.99365997    
   1.10000009E-02   5.49712777E-02   4.99234819    
   1.20000010E-02   5.99629171E-02   4.99091148    
   1.30000012E-02   6.49530590E-02   4.98934984    
   1.40000014E-02   6.99415803E-02   4.98766375    
   1.50000015E-02   7.49283507E-02   4.98585272    
   1.60000008E-02   7.99132437E-02   4.98391724    
   1.70000009E-02   8.48961398E-02   4.98185730    
   1.80000011E-02   8.98769125E-02   4.97967243    
   1.90000013E-02   9.48554426E-02   4.97736311    
   2.00000014E-02   9.98315960E-02   4.97492933    
   2.10000016E-02  0.104805261       4.97237158    
   2.20000017E-02  0.109776303       4.96968937    
   2.30000019E-02  0.114744604       4.96688271    
   2.40000021E-02  0.119710028       4.96395206    
   2.50000022E-02  0.124672465       4.96089745    
   2.60000024E-02  0.129631788       4.95771885    
   2.70000026E-02  0.134587869       4.95441628    
   2.80000027E-02  0.139540583       4.95098972    
   2.90000029E-02  0.144489810       4.94743919    
   3.00000031E-02  0.149435416       4.94376516    
   3.10000032E-02  0.154377297       4.93996763    
   3.20000015E-02  0.159315318       4.93604660    
   3.29999998E-02  0.164249346       4.93200207    
   3.39999981E-02  0.169179276       4.92783403    
   3.49999964E-02  0.174104974       4.92354298    
   3.59999947E-02  0.179026321       4.91912889    
   3.69999930E-02  0.183943197       4.91459179    
   3.79999913E-02  0.188855469       4.90993166    
   3.89999896E-02  0.193763018       4.90514898    
   3.99999879E-02  0.198665723       4.90024376    
   4.09999862E-02  0.203563467       4.89521599    
   4.19999845E-02  0.208456114       4.89006567    
   4.29999828E-02  0.213343561       4.88479328    
   4.39999811E-02  0.218225673       4.87939882    
   4.49999794E-02  0.223102331       4.87388229    
   4.59999777E-02  0.227973402       4.86824369    
   4.69999760E-02  0.232838780       4.86248350    
   4.79999743E-02  0.237698331       4.85660172    
   4.89999726E-02  0.242551938       4.85059834    
   4.99999709E-02  0.247399479       4.84447384    
   5.09999692E-02  0.252240837       4.83822823    
   5.19999675E-02  0.257075906       4.83186197    
   5.29999658E-02  0.261904538       4.82537460    
   5.39999641E-02  0.266726613       4.81876659    
   5.49999624E-02  0.271542013       4.81203842    
   5.59999608E-02  0.276350647       4.80518961    
   5.69999591E-02  0.281152368       4.79822063    
   5.79999574E-02  0.285947055       4.79113197    
   5.89999557E-02  0.290734589       4.78392363    
   5.99999540E-02  0.295514852       4.77659559    
   6.09999523E-02  0.300287724       4.76914787    
   6.19999506E-02  0.305053085       4.76158094    
   6.29999489E-02  0.309810847       4.75389528    
   6.39999509E-02  0.314560860       4.74609041    
   6.49999529E-02  0.319303006       4.73816729    
   6.59999549E-02  0.324037164       4.73012543    
   6.69999570E-02  0.328763217       4.72196531    
   6.79999590E-02  0.333481044       4.71368742    
   6.89999610E-02  0.338190556       4.70529127    
   6.99999630E-02  0.342891604       4.69677782    
   7.09999651E-02  0.347584069       4.68814707    
   7.19999671E-02  0.352267861       4.67939901    
   7.29999691E-02  0.356942832       4.67053366    
   7.39999712E-02  0.361608893       4.66155195    
   7.49999732E-02  0.366265893       4.65245342    
   7.59999752E-02  0.370913744       4.64323854    
   7.69999772E-02  0.375552326       4.63390779    
   7.79999793E-02  0.380181521       4.62446117    
   7.89999813E-02  0.384801209       4.61489868    
   7.99999833E-02  0.389411271       4.60522079    
   8.09999853E-02  0.394011617       4.59542799    
   8.19999874E-02  0.398602098       4.58552027    
   8.29999894E-02  0.403182626       4.57549810    
   8.39999914E-02  0.407753050       4.56536150    
   8.49999934E-02  0.412313282       4.55511045    
   8.59999955E-02  0.416863233       4.54474592    
   8.69999975E-02  0.421402752       4.53426743    
   8.79999995E-02  0.425931722       4.52367592    
   8.90000015E-02  0.430450052       4.51297092    
   9.00000036E-02  0.434957623       4.50215340    
   9.10000056E-02  0.439454317       4.49122334    
   9.20000076E-02  0.443940043       4.48018074    
   9.30000097E-02  0.448414654       4.46902609    
   9.40000117E-02  0.452878058       4.45775986    
   9.50000137E-02  0.457330137       4.44638205    
   9.60000157E-02  0.461770773       4.43489313    
   9.70000178E-02  0.466199875       4.42329359    
   9.80000198E-02  0.470617324       4.41158342    
   9.90000218E-02  0.475023001       4.39976311    
  0.100000024      0.479416817       4.38783264    
  0.101000026      0.483798653       4.37579250    
  0.102000028      0.488168389       4.36364269    
  0.103000030      0.492525905       4.35138416    
  0.104000032      0.496871114       4.33901644    
  0.105000034      0.501203895       4.32654047    
  0.106000036      0.505524158       4.31395626    
  0.107000038      0.509831786       4.30126429    
  0.108000040      0.514126658       4.28846455    
  0.109000042      0.518408656       4.27555799    
  0.110000044      0.522677720       4.26254416    
  0.111000046      0.526933730       4.24942398    
  0.112000048      0.531176567       4.23619747    
  0.113000050      0.535406113       4.22286510    
  0.114000052      0.539622247       4.20942736    
  0.115000054      0.543824911       4.19588423    
  0.116000056      0.548013985       4.18223619    
  0.117000058      0.552189350       4.16848373    
  0.118000060      0.556350887       4.15462685    
  0.119000062      0.560498536       4.14066601    
  0.120000064      0.564632177       4.12660170    
  0.121000066      0.568751693       4.11243439    
  0.122000068      0.572857022       4.09816408    
  0.123000070      0.576947987       4.08379126    
  0.124000072      0.581024528       4.06931639    
  0.125000075      0.585086584       4.05473995    
  0.126000077      0.589133978       4.04006195    
  0.127000079      0.593166649       4.02528334    
  0.128000081      0.597184479       4.01040411    
  0.129000083      0.601187408       3.99542451    
  0.130000085      0.605175316       3.98034501    
  0.131000087      0.609148085       3.96516585    
  0.132000089      0.613105595       3.94988775    
  0.133000091      0.617047787       3.93451071    
  0.134000093      0.620974541       3.91903543    
  0.135000095      0.624885798       3.90346217    
  0.136000097      0.628781438       3.88779140    
  0.137000099      0.632661343       3.87202334    
  0.138000101      0.636525452       3.85615849    
  0.139000103      0.640373647       3.84019732    
  0.140000105      0.644205809       3.82414007    
  0.141000107      0.648021877       3.80798721    
  0.142000109      0.651821733       3.79173923    
  0.143000111      0.655605316       3.77539635    
  0.144000113      0.659372509       3.75895905    
  0.145000115      0.663123190       3.74242783    
  0.146000117      0.666857302       3.72580314    
  0.147000119      0.670574725       3.70908523    
  0.148000121      0.674275398       3.69227457    
  0.149000123      0.677959204       3.67537165    
  0.150000125      0.681626081       3.65837669    
  0.151000127      0.685275912       3.64129043    
  0.152000129      0.688908637       3.62411308    
  0.153000131      0.692524135       3.60684514    
  0.154000133      0.696122289       3.58948708    
  0.155000135      0.699703038       3.57203913    
  0.156000137      0.703266323       3.55450201    
  0.157000139      0.706812024       3.53687596    
  0.158000141      0.710340023       3.51916146    
  0.159000143      0.713850319       3.50135899    
  0.160000145      0.717342734       3.48346901    
  0.161000147      0.720817208       3.46549201    
  0.162000149      0.724273682       3.44742823    
  0.163000152      0.727712035       3.42927837    
  0.164000154      0.731132209       3.41104269    
  0.165000156      0.734534085       3.39272189    
  0.166000158      0.737917602       3.37431622    
  0.167000160      0.741282701       3.35582614    
  0.168000162      0.744629264       3.33725214    
  0.169000164      0.747957170       3.31859469    
  0.170000166      0.751266420       3.29985428    
  0.171000168      0.754556894       3.28103137    
  0.172000170      0.757828474       3.26212645    
  0.173000172      0.761081100       3.24313998    
  0.174000174      0.764314711       3.22407246    
  0.175000176      0.767529190       3.20492435    
  0.176000178      0.770724535       3.18569613    
  0.177000180      0.773900568       3.16638827    
  0.178000182      0.777057290       3.14700127    
  0.179000184      0.780194581       3.12753558    
  0.180000186      0.783312321       3.10799170    
  0.181000188      0.786410511       3.08837008    
  0.182000190      0.789489031       3.06867123    
  0.183000192      0.792547822       3.04889584    
  0.184000194      0.795586824       3.02904415    
  0.185000196      0.798605919       3.00911665    
  0.186000198      0.801605046       2.98911405    
  0.187000200      0.804584146       2.96903658    
  0.188000202      0.807543099       2.94888496    
  0.189000204      0.810481906       2.92865968    
  0.190000206      0.813400447       2.90836120    
  0.191000208      0.816298604       2.88799000    
  0.192000210      0.819176376       2.86754656    
  0.193000212      0.822033644       2.84703135    
  0.194000214      0.824870408       2.82644510    
  0.195000216      0.827686548       2.80578804    
  0.196000218      0.830482006       2.78506088    
  0.197000220      0.833256662       2.76426411    
  0.198000222      0.836010516       2.74339819    
  0.199000224      0.838743448       2.72246361    
  0.200000226      0.841455400       2.70146108    
  0.201000229      0.844146311       2.68039107    
  0.202000231      0.846816123       2.65925407    
  0.203000233      0.849464774       2.63805056    
  0.204000235      0.852092206       2.61678100    
  0.205000237      0.854698300       2.59544611    
  0.206000239      0.857283056       2.57404637    
  0.207000241      0.859846354       2.55258226    
  0.208000243      0.862388194       2.53105426    
  0.209000245      0.864908457       2.50946307    
  0.210000247      0.867407084       2.48780918    
  0.211000249      0.869884014       2.46609306    
  0.212000251      0.872339249       2.44431520    
  0.213000253      0.874772668       2.42247629    
  0.214000255      0.877184212       2.40057683    
  0.215000257      0.879573822       2.37861729    
  0.216000259      0.881941438       2.35659838    
  0.217000261      0.884287000       2.33452058    
  0.218000263      0.886610448       2.31238437    
  0.219000265      0.888911724       2.29019022    
  0.220000267      0.891190767       2.26793885    
  0.221000269      0.893447578       2.24563074    
  0.222000271      0.895682037       2.22326660    
  0.223000273      0.897894084       2.20084691    
  0.224000275      0.900083721       2.17837214    
  0.225000277      0.902250826       2.15584302    
  0.226000279      0.904395401       2.13326001    
  0.227000281      0.906517327       2.11062360    
  0.228000283      0.908616602       2.08793449    
  0.229000285      0.910693169       2.06519318    
  0.230000287      0.912746966       2.04240012    
  0.231000289      0.914777935       2.01955605    
  0.232000291      0.916786075       1.99666142    
  0.233000293      0.918771267       1.97371686    
  0.234000295      0.920733511       1.95072305    
  0.235000297      0.922672689       1.92768037    
  0.236000299      0.924588799       1.90458953    
  0.237000301      0.926481843       1.88145113    
  0.238000304      0.928351700       1.85826564    
  0.239000306      0.930198371       1.83503366    
  0.240000308      0.932021797       1.81175590    
  0.241000310      0.933821917       1.78843284    
  0.242000312      0.935598671       1.76506507    
  0.243000314      0.937352061       1.74165308    
  0.244000316      0.939081967       1.71819758    
  0.245000318      0.940788448       1.69469917    
  0.246000320      0.942471385       1.67115831    
  0.247000322      0.944130778       1.64757574    
  0.248000324      0.945766568       1.62395191    
  0.249000326      0.947378695       1.60028756    
  0.250000328      0.948967159       1.57658315    
  0.251000315      0.950531900       1.55283940    
  0.252000302      0.952072859       1.52905679    
  0.253000289      0.953590035       1.50523591    
  0.254000276      0.955083370       1.48137748    
  0.255000263      0.956552804       1.45748198    
  0.256000251      0.957998335       1.43355000    
  0.257000238      0.959419906       1.40958226    
  0.258000225      0.960817516       1.38557923    
  0.259000212      0.962191105       1.36154151    
  0.260000199      0.963540614       1.33746982    
  0.261000186      0.964866042       1.31336462    
  0.262000173      0.966167331       1.28922665    
  0.263000160      0.967444479       1.26505649    
  0.264000148      0.968697429       1.24085462    
  0.265000135      0.969926178       1.21662176    
  0.266000122      0.971130669       1.19235849    
  0.267000109      0.972310901       1.16806543    
  0.268000096      0.973466814       1.14374316    
  0.269000083      0.974598408       1.11939228    
  0.270000070      0.975705624       1.09501338    
  0.271000057      0.976788461       1.07060719    
  0.272000045      0.977846861       1.04617417    
  0.273000032      0.978880823       1.02171504    
  0.274000019      0.979890287      0.997230351    
  0.275000006      0.980875254      0.972720742    
  0.275999993      0.981835723      0.948186815    
  0.276999980      0.982771635      0.923629165    
  0.277999967      0.983682990      0.899048448    
  0.278999954      0.984569728      0.874445260    
  0.279999942      0.985431850      0.849820197    
  0.280999929      0.986269355      0.825173855    
  0.281999916      0.987082183      0.800506890    
  0.282999903      0.987870336      0.775819898    
  0.283999890      0.988633811      0.751113534    
  0.284999877      0.989372551      0.726388395    
  0.285999864      0.990086555      0.701645076    
  0.286999851      0.990775824      0.676884234    
  0.287999839      0.991440296      0.652106464    
  0.288999826      0.992080033      0.627312422    
  0.289999813      0.992694914      0.602502704    
  0.290999800      0.993285000      0.577677906    
  0.291999787      0.993850231      0.552838683    
  0.292999774      0.994390666      0.527985632    
  0.293999761      0.994906247      0.503119349    
  0.294999748      0.995396912      0.478240520    
  0.295999736      0.995862722      0.453349710    
  0.296999723      0.996303618      0.428447574    
  0.297999710      0.996719599      0.403534740    
  0.298999697      0.997110665      0.378611803    
  0.299999684      0.997476816      0.353679419    
  0.300999671      0.997818053      0.328738183    
  0.301999658      0.998134315      0.303788722    
  0.302999645      0.998425603      0.278831661    
  0.303999633      0.998691976      0.253867626    
  0.304999620      0.998933375      0.228897259    
  0.305999607      0.999149799      0.203921169    
  0.306999594      0.999341249      0.178939983    
  0.307999581      0.999507725      0.153954327    
  0.308999568      0.999649167      0.128964812    
  0.309999555      0.999765635      0.103972070    
  0.310999542      0.999857128       7.89767355E-02
  0.311999530      0.999923587       5.39794266E-02
  0.312999517      0.999965072       2.89807674E-02
  0.313999504      0.999981582       3.98137979E-03
  0.314999491      0.999973059      -2.10181046E-02
  0.315999478      0.999939561      -4.60170656E-02
  0.316999465      0.999881029      -7.10148737E-02
  0.317999452      0.999797523      -9.60109085E-02
  0.318999439      0.999689043     -0.121004544    
  0.319999427      0.999555528     -0.145995155    
  0.320999414      0.999397039     -0.170982122    
  0.321999401      0.999213576     -0.195964813    
  0.322999388      0.999005139     -0.220942602    
  0.323999375      0.998771727     -0.245914862    
  0.324999362      0.998513341     -0.270880967    
  0.325999349      0.998229980     -0.295840323    
  0.326999336      0.997921646     -0.320792258    
  0.327999324      0.997588396     -0.345736176    
  0.328999311      0.997230172     -0.370671451    
  0.329999298      0.996847034     -0.395597458    
  0.330999285      0.996438980     -0.420513570    
  0.331999272      0.996006012     -0.445419192    
  0.332999259      0.995548129     -0.470313668    
  0.333999246      0.995065391     -0.495196402    
  0.334999233      0.994557738     -0.520066738    
  0.335999221      0.994025230     -0.544924080    
  0.336999208      0.993467867     -0.569767773    
  0.337999195      0.992885709     -0.594597220    
  0.338999182      0.992278695     -0.619411826    
  0.339999169      0.991646886     -0.644210935    
  0.340999156      0.990990281     -0.668993950    
  0.341999143      0.990308881     -0.693760216    
  0.342999130      0.989602745     -0.718509138    
  0.343999118      0.988871872     -0.743240118    
  0.344999105      0.988116264     -0.767952502    
  0.345999092      0.987335980     -0.792645693    
  0.346999079      0.986531019     -0.817319095    
  0.347999066      0.985701382     -0.841972053    
  0.348999053      0.984847069     -0.866603971    
  0.349999040      0.983968139     -0.891214192    
  0.350999027      0.983064651     -0.915802181    
  0.351999015      0.982136548     -0.940367222    
  0.352999002      0.981183887     -0.964908779    
  0.353998989      0.980206728     -0.989426196    
  0.354998976      0.979205072      -1.01391888    
  0.355998963      0.978178918      -1.03838623    
  0.356998950      0.977128327      -1.06282759    
  0.357998937      0.976053298      -1.08724236    
  0.358998924      0.974953830      -1.11162996    
  0.359998912      0.973830044      -1.13598979    
  0.360998899      0.972681880      -1.16032124    
  0.361998886      0.971509397      -1.18462372    
  0.362998873      0.970312655      -1.20889652    
  0.363998860      0.969091654      -1.23313916    
  0.364998847      0.967846394      -1.25735092    
  0.365998834      0.966576934      -1.28153121    
  0.366998821      0.965283334      -1.30567956    
  0.367998809      0.963965595      -1.32979524    
  0.368998796      0.962623775      -1.35387766    
  0.369998783      0.961257875      -1.37792623    
  0.370998770      0.959867954      -1.40194035    
  0.371998757      0.958454013      -1.42591941    
  0.372998744      0.957016110      -1.44986284    
  0.373998731      0.955554307      -1.47377002    
  0.374998719      0.954068601      -1.49764037    
  0.375998706      0.952559054      -1.52147329    
  0.376998693      0.951025665      -1.54526818    
  0.377998680      0.949468493      -1.56902444    
  0.378998667      0.947887599      -1.59274149    
  0.379998654      0.946283042      -1.61641872    
  0.380998641      0.944654822      -1.64005554    
  0.381998628      0.943002939      -1.66365135    
  0.382998616      0.941327512      -1.68720555    
  0.383998603      0.939628541      -1.71071756    
  0.384998590      0.937906086      -1.73418677    
  0.385998577      0.936160207      -1.75761271    
  0.386998564      0.934390903      -1.78099465    
  0.387998551      0.932598233      -1.80433202    
  0.388998538      0.930782259      -1.82762432    
  0.389998525      0.928942978      -1.85087097    
  0.390998513      0.927080512      -1.87407136    
  0.391998500      0.925194860      -1.89722490    
  0.392998487      0.923286080      -1.92033100    
  0.393998474      0.921354234      -1.94338906    
  0.394998461      0.919399321      -1.96639848    
  0.395998448      0.917421460      -1.98935878    
  0.396998435      0.915420651      -2.01226926    
  0.397998422      0.913396955      -2.03512955    
  0.398998410      0.911350429      -2.05793905    
  0.399998397      0.909281135      -2.08069706    
  0.400998384      0.907189071      -2.10340309    
  0.401998371      0.905074358      -2.12605643    
  0.402998358      0.902936995      -2.14865661    
  0.403998345      0.900777042      -2.17120314    
  0.404998332      0.898594618      -2.19369531    
  0.405998319      0.896389723      -2.21613264    
  0.406998307      0.894162416      -2.23851466    
  0.407998294      0.891912758      -2.26084065    
  0.408998281      0.889640749      -2.28311014    
  0.409998268      0.887346506      -2.30532265    
  0.410998255      0.885030091      -2.32747746    
  0.411998242      0.882691562      -2.34957409    
  0.412998229      0.880330980      -2.37161183    
  0.413998216      0.877948403      -2.39359045    
  0.414998204      0.875543833      -2.41550922    
  0.415998191      0.873117387      -2.43736744    
  0.416998178      0.870669127      -2.45916486    
  0.417998165      0.868199110      -2.48090076    
  0.418998152      0.865707338      -2.50257468    
  0.419998139      0.863193929      -2.52418590    
  0.420998126      0.860658944      -2.54573417    
  0.421998113      0.858102441      -2.56721878    
  0.422998101      0.855524480      -2.58863926    
  0.423998088      0.852925181      -2.60999489    
  0.424998075      0.850304544      -2.63128519    
  0.425998062      0.847662628      -2.65250993    
  0.426998049      0.844999552      -2.67366815    
  0.427998036      0.842315316      -2.69475961    
  0.428998023      0.839610040      -2.71578383    
  0.429998010      0.836883783      -2.73674011    
  0.430997998      0.834136605      -2.75762796    
  0.431997985      0.831368566      -2.77844691    
  0.432997972      0.828579724      -2.79919624    
  0.433997959      0.825770199      -2.81987572    
  0.434997946      0.822939992      -2.84048462    
  0.435997933      0.820089221      -2.86102247    
  0.436997920      0.817217946      -2.88148880    
  0.437997907      0.814326227      -2.90188313    
  0.438997895      0.811414182      -2.92220497    
  0.439997882      0.808481872      -2.94245362    
  0.440997869      0.805529296      -2.96262884    
  0.441997856      0.802556634      -2.98272991    
  0.442997843      0.799563885      -3.00275636    
  0.443997830      0.796551168      -3.02270794    
  0.444997817      0.793518543      -3.04258394    
  0.445997804      0.790466070      -3.06238389    
  0.446997792      0.787393808      -3.08210707    
  0.447997779      0.784301877      -3.10175323    
  0.448997766      0.781190336      -3.12132192    
  0.449997753      0.778059244      -3.14081264    
  0.450997740      0.774908721      -3.16022468    
  0.451997727      0.771738827      -3.17955780    
  0.452997714      0.768549621      -3.19881153    
  0.453997701      0.765341222      -3.21798515    
  0.454997689      0.762113690      -3.23707843    
  0.455997676      0.758867085      -3.25609064    
  0.456997663      0.755601525      -3.27502155    
  0.457997650      0.752317071      -3.29387069    
  0.458997637      0.749013782      -3.31263733    
  0.459997624      0.745691776      -3.33132124    
  0.460997611      0.742351174      -3.34992170    
  0.461997598      0.738991976      -3.36843848    
  0.462997586      0.735614300      -3.38687110    
  0.463997573      0.732218266      -3.40521908    
  0.464997560      0.728803933      -3.42348194    
  0.465997547      0.725371361      -3.44165921    
  0.466997534      0.721920669      -3.45975041    
  0.467997521      0.718451917      -3.47775507    
  0.468997508      0.714965224      -3.49567270    
  0.469997495      0.711460650      -3.51350307    
  0.470997483      0.707938254      -3.53124571    
  0.471997470      0.704398155      -3.54889989    
  0.472997457      0.700840473      -3.56646538    
  0.473997444      0.697265267      -3.58394170    
  0.474997431      0.693672597      -3.60132837    
  0.475997418      0.690062642      -3.61862516    
  0.476997405      0.686435401      -3.63583136    
  0.477997392      0.682790995      -3.65294671    
  0.478997380      0.679129541      -3.66997075    
  0.479997367      0.675451100      -3.68690300    
  0.480997354      0.671755791      -3.70374322    
  0.481997341      0.668043673      -3.72049069    
  0.482997328      0.664314866      -3.73714519    
  0.483997315      0.660569429      -3.75370622    
  0.484997302      0.656807482      -3.77017355    
  0.485997289      0.653029084      -3.78654647    
  0.486997277      0.649234414      -3.80282474    
  0.487997264      0.645423472      -3.81900811    
  0.488997251      0.641596437      -3.83509588    
  0.489997238      0.637753308      -3.85108781    
  0.490997225      0.633894265      -3.86698341    
  0.491997212      0.630019367      -3.88278246    
  0.492997199      0.626128733      -3.89848423    
  0.493997186      0.622222424      -3.91408873    
  0.494997174      0.618300557      -3.92959523    
  0.495997161      0.614363253      -3.94500351    
  0.496997148      0.610410571      -3.96031332    
  0.497997135      0.606442630      -3.97552395    
  0.498997122      0.602459550      -3.99063516    
  0.499997109      0.598461390      -4.00564671    
  0.500997126      0.594448268      -4.02055788    
  0.501997113      0.590420306      -4.03536892    
  0.502997100      0.586377561      -4.05007887    
  0.503997087      0.582320154      -4.06468773    
  0.504997075      0.578248203      -4.07919502    
  0.505997062      0.574161768      -4.09360027    
  0.506997049      0.570061028      -4.10790300    
  0.507997036      0.565946043      -4.12210321    
  0.508997023      0.561816871      -4.13620043    
  0.509997010      0.557673693      -4.15019417    
  0.510996997      0.553516567      -4.16408396    
  0.511996984      0.549345553      -4.17786980    
  0.512996972      0.545160830      -4.19155121    
  0.513996959      0.540962458      -4.20512772    
  0.514996946      0.536750615      -4.21859932    
  0.515996933      0.532525301      -4.23196507    
  0.516996920      0.528286695      -4.24522543    
  0.517996907      0.524034858      -4.25837946    
  0.518996894      0.519769967      -4.27142715    
  0.519996881      0.515492082      -4.28436804    
  0.520996869      0.511201262      -4.29720163    
  0.521996856      0.506897688      -4.30992794    
  0.522996843      0.502581418      -4.32254648    
  0.523996830      0.498252600      -4.33505678    
  0.524996817      0.493911326      -4.34745884    
  0.525996804      0.489557713      -4.35975218    
  0.526996791      0.485191852      -4.37193680    
  0.527996778      0.480813861      -4.38401175    
  0.528996766      0.476423860      -4.39597702    
  0.529996753      0.472021937      -4.40783262    
  0.530996740      0.467608213      -4.41957808    
  0.531996727      0.463182807      -4.43121290    
  0.532996714      0.458745837      -4.44273710    
  0.533996701      0.454297394      -4.45415020    
  0.534996688      0.449837595      -4.46545172    
  0.535996675      0.445366532      -4.47664165    
  0.536996663      0.440884352      -4.48772001    
  0.537996650      0.436391145      -4.49868584    
  0.538996637      0.431887031      -4.50953913    
  0.539996624      0.427372098      -4.52027988    
  0.540996611      0.422846496      -4.53090763    
  0.541996598      0.418310314      -4.54142189    
  0.542996585      0.413763672      -4.55182266    
  0.543996572      0.409206688      -4.56210995    
  0.544996560      0.404639482      -4.57228327    
  0.545996547      0.400062174      -4.58234215    
  0.546996534      0.395474851      -4.59228659    
  0.547996521      0.390877634      -4.60211611    
  0.548996508      0.386270642      -4.61183071    
  0.549996495      0.381653994      -4.62142992    
  0.550996482      0.377027810      -4.63091326    
  0.551996469      0.372392207      -4.64028120    
  0.552996457      0.367747277      -4.64953279    
  0.553996444      0.363093168      -4.65866852    
  0.554996431      0.358429968      -4.66768742    
  0.555996418      0.353757828      -4.67658997    
  0.556996405      0.349076837      -4.68537521    
  0.557996392      0.344387114      -4.69404364    
  0.558996379      0.339688778      -4.70259476    
  0.559996367      0.334981948      -4.71102810    
  0.560996354      0.330266744      -4.71934366    
  0.561996341      0.325543284      -4.72754145    
  0.562996328      0.320811689      -4.73562098    
  0.563996315      0.316072077      -4.74358225    
  0.564996302      0.311324567      -4.75142479    
  0.565996289      0.306569278      -4.75914860    
  0.566996276      0.301806331      -4.76675320    
  0.567996264      0.297035813      -4.77423859    
  0.568996251      0.292257875      -4.78160477    
  0.569996238      0.287472636      -4.78885126    
  0.570996225      0.282680213      -4.79597807    
  0.571996212      0.277880728      -4.80298519    
  0.572996199      0.273074299      -4.80987215    
  0.573996186      0.268261045      -4.81663895    
  0.574996173      0.263441086      -4.82328510    
  0.575996161      0.258614540      -4.82981062    
  0.576996148      0.253781527      -4.83621550    
  0.577996135      0.248942167      -4.84249973    
  0.578996122      0.244096577      -4.84866285    
  0.579996109      0.239244878      -4.85470486    
  0.580996096      0.234387204      -4.86062527    
  0.581996083      0.229523674      -4.86642408    
  0.582996070      0.224654406      -4.87210131    
  0.583996058      0.219779521      -4.87765694    
  0.584996045      0.214899138      -4.88309050    
  0.585996032      0.210013375      -4.88840199    
  0.586996019      0.205122367      -4.89359140    
  0.587996006      0.200226232      -4.89865828    
  0.588995993      0.195325091      -4.90360260    
  0.589995980      0.190419063      -4.90842438    
  0.590995967      0.185508281      -4.91312361    
  0.591995955      0.180592865      -4.91769981    
  0.592995942      0.175672933      -4.92215300    
  0.593995929      0.170748606      -4.92648315    
  0.594995916      0.165820003      -4.93069029    
  0.595995903      0.160887256      -4.93477392    
  0.596995890      0.155950487      -4.93873453    
  0.597995877      0.151009828      -4.94257164    
  0.598995864      0.146065384      -4.94628525    
  0.599995852      0.141117290      -4.94987488    
  0.600995839      0.136165679      -4.95334101    
  0.601995826      0.131210655      -4.95668316    
  0.602995813      0.126252353      -4.95990133    
  0.603995800      0.121290892      -4.96299553    
  0.604995787      0.116326399      -4.96596575    
  0.605995774      0.111359000      -4.96881199    
  0.606995761      0.106388815      -4.97153378    
  0.607995749      0.101415969      -4.97413111    
  0.608995736       9.64405909E-02  -4.97660446    
  0.609995723       9.14627984E-02  -4.97895336    
  0.610995710       8.64827186E-02  -4.98117781    
  0.611995697       8.15004781E-02  -4.98327780    
  0.612995684       7.65162036E-02  -4.98525286    
  0.613995671       7.15300143E-02  -4.98710346    
  0.614995658       6.65420368E-02  -4.98882914    
  0.615995646       6.15523979E-02  -4.99043036    
  0.616995633       5.65612167E-02  -4.99190664    
  0.617995620       5.15686236E-02  -4.99325848    
  0.618995607       4.65747416E-02  -4.99448538    
  0.619995594       4.15796936E-02  -4.99558735    
  0.620995581       3.65836062E-02  -4.99656439    
  0.621995568       3.15866061E-02  -4.99741650    
  0.622995555       2.65888162E-02  -4.99814367    
  0.623995543       2.15903614E-02  -4.99874592    
  0.624995530       1.65913664E-02  -4.99922323    
  0.625995517       1.15919560E-02  -4.99957561    
  0.626995504       6.59225602E-03  -4.99980307    
  0.627995491       1.59239117E-03  -4.99990559    
  0.628995478      -3.40751372E-03  -4.99988270    
  0.629995465      -8.40733387E-03  -4.99973488    
  0.630995452      -1.34069435E-02  -4.99946213    
  0.631995440      -1.84062179E-02  -4.99906445    
  0.632995427      -2.34050322E-02  -4.99854183    
  0.633995414      -2.84032598E-02  -4.99789429    
  0.634995401      -3.34007777E-02  -4.99712181    
  0.635995388      -3.83974612E-02  -4.99622440    
  0.636995375      -4.33931835E-02  -4.99520206    
  0.637995362      -4.83878218E-02  -4.99405479    
  0.638995349      -5.33812493E-02  -4.99278259    
  0.639995337      -5.83733432E-02  -4.99138546    
  0.640995324      -6.33639768E-02  -4.98986387    
  0.641995311      -6.83530271E-02  -4.98821735    
  0.642995298      -7.33403713E-02  -4.98644638    
  0.643995285      -7.83258826E-02  -4.98455048    
  0.644995272      -8.33094344E-02  -4.98253012    
  0.645995259      -8.82909000E-02  -4.98038530    
  0.646995246      -9.32701603E-02  -4.97811556    
  0.647995234      -9.82470885E-02  -4.97572136    
  0.648995221     -0.103221558      -4.97320318    
  0.649995208     -0.108193450      -4.97056055    
  0.650995195     -0.113162637      -4.96779346    
  0.651995182     -0.118128993      -4.96490240    
  0.652995169     -0.123092398      -4.96188736    
  0.653995156     -0.128052726      -4.95874786    
  0.654995143     -0.133009851      -4.95548439    
  0.655995131     -0.137963653      -4.95209742    
  0.656995118     -0.142914012      -4.94858646    
  0.657995105     -0.147860795      -4.94495153    
  0.658995092     -0.152803883      -4.94119310    
  0.659995079     -0.157743141      -4.93731117    
  0.660995066     -0.162678465      -4.93330574    
  0.661995053     -0.167609721      -4.92917728    
  0.662995040     -0.172536790      -4.92492533    
  0.663995028     -0.177459538      -4.92055035    
  0.664995015     -0.182377845      -4.91605234    
  0.665995002     -0.187291592      -4.91143131    
  0.666994989     -0.192200661      -4.90668774    
  0.667994976     -0.197104931      -4.90182161    
  0.668994963     -0.202004269      -4.89683294    
  0.669994950     -0.206898555      -4.89172173    
  0.670994937     -0.211787671      -4.88648796    
  0.671994925     -0.216671497      -4.88113213    
  0.672994912     -0.221549898      -4.87565422    
  0.673994899     -0.226422757      -4.87005472    
  0.674994886     -0.231289968      -4.86433315    
  0.675994873     -0.236151397      -4.85848999    
  0.676994860     -0.241006911      -4.85252571    
  0.677994847     -0.245856404      -4.84643984    
  0.678994834     -0.250699759      -4.84023285    
  0.679994822     -0.255536824      -4.83390474    
  0.680994809     -0.260367513      -4.82745600    
  0.681994796     -0.265191704      -4.82088661    
  0.682994783     -0.270009249      -4.81419659    
  0.683994770     -0.274820060      -4.80738640    
  0.684994757     -0.279623985      -4.80045605    
  0.685994744     -0.284420937      -4.79340553    
  0.686994731     -0.289210767      -4.78623533    
  0.687994719     -0.293993354      -4.77894545    
  0.688994706     -0.298768610      -4.77153587    
  0.689994693     -0.303536385      -4.76400709    
  0.690994680     -0.308296591      -4.75635910    
  0.691994667     -0.313049078      -4.74859238    
  0.692994654     -0.317793727      -4.74070692    
  0.693994641     -0.322530448      -4.73270273    
  0.694994628     -0.327259094      -4.72458029    
  0.695994616     -0.331979573      -4.71633959    
  0.696994603     -0.336691737      -4.70798111    
  0.697994590     -0.341395497      -4.69950485    
  0.698994577     -0.346090704      -4.69091129    
  0.699994564     -0.350777268      -4.68220043    
  0.700994551     -0.355455071      -4.67337275    
  0.701994538     -0.360123992      -4.66442776    
  0.702994525     -0.364783913      -4.65536642    
  0.703994513     -0.369434714      -4.64618874    
  0.704994500     -0.374076277      -4.63689470    
  0.705994487     -0.378708482      -4.62748480    
  0.706994474     -0.383331209      -4.61795950    
  0.707994461     -0.387944371      -4.60831833    
  0.708994448     -0.392547816      -4.59856224    
  0.709994435     -0.397141457      -4.58869123    
  0.710994422     -0.401725173      -4.57870531    
  0.711994410     -0.406298846      -4.56860495    
  0.712994397     -0.410862356      -4.55839062    
  0.713994384     -0.415415585      -4.54806232    
  0.714994371     -0.419958442      -4.53762007    
  0.715994358     -0.424490780      -4.52706432    
  0.716994345     -0.429012507      -4.51639557    
  0.717994332     -0.433523536      -4.50561380    
  0.718994319     -0.438023716      -4.49471951    
  0.719994307     -0.442512929      -4.48371267    
  0.720994294     -0.446991086      -4.47259378    
  0.721994281     -0.451458067      -4.46136332    
  0.722994268     -0.455913782      -4.45002127    
  0.723994255     -0.460358083      -4.43856764    
  0.724994242     -0.464790881      -4.42700338    
  0.725994229     -0.469212055      -4.41532850    
  0.726994216     -0.473621488      -4.40354300    
  0.727994204     -0.478019089      -4.39164734    
  0.728994191     -0.482404739      -4.37964201    
  0.729994178     -0.486778319      -4.36752701    
  0.730994165     -0.491139740      -4.35530281    
  0.731994152     -0.495488882      -4.34296989    
  0.732994139     -0.499825627      -4.33052826    
  0.733994126     -0.504149914      -4.31797838    
  0.734994113     -0.508461595      -4.30532074    
  0.735994101     -0.512760520      -4.29255533    
  0.736994088     -0.517046630      -4.27968264    
  0.737994075     -0.521319807      -4.26670313    
  0.738994062     -0.525579989      -4.25361681    
  0.739994049     -0.529826999      -4.24042416    
  0.740994036     -0.534060776      -4.22712564    
  0.741994023     -0.538281202      -4.21372128    
  0.742994010     -0.542488158      -4.20021152    
  0.743993998     -0.546681583      -4.18659687    
  0.744993985     -0.550861359      -4.17287779    
  0.745993972     -0.555027306      -4.15905428    
  0.746993959     -0.559179425      -4.14512682    
  0.747993946     -0.563317537      -4.13109541    
  0.748993933     -0.567441583      -4.11696100    
  0.749993920     -0.571551442      -4.10272360    
  0.750993907     -0.575646996      -4.08838367    
  0.751993895     -0.579728186      -4.07394123    
  0.752993882     -0.583794892      -4.05939722    
  0.753993869     -0.587846994      -4.04475164    
  0.754993856     -0.591884375      -4.03000498    
  0.755993843     -0.595906973      -4.01515770    
  0.756993830     -0.599914670      -4.00020981    
  0.757993817     -0.603907347      -3.98516202    
  0.758993804     -0.607884943      -3.97001457    
  0.759993792     -0.611847341      -3.95476794    
  0.760993779     -0.615794420      -3.93942237    
  0.761993766     -0.619726121      -3.92397833    
  0.762993753     -0.623642325      -3.90843630    
  0.763993740     -0.627542973      -3.89279652    
  0.764993727     -0.631427884      -3.87705946    
  0.765993714     -0.635297060      -3.86122537    
  0.766993701     -0.639150321      -3.84529471    
  0.767993689     -0.642987609      -3.82926798    
  0.768993676     -0.646808803      -3.81314540    
  0.769993663     -0.650613844      -3.79692769    
  0.770993650     -0.654402614      -3.78061485    
  0.771993637     -0.658175051      -3.76420760    
  0.772993624     -0.661931038      -3.74770617    
  0.773993611     -0.665670455      -3.73111105    
  0.774993598     -0.669393241      -3.71442270    
  0.775993586     -0.673099279      -3.69764161    
  0.776993573     -0.676788509      -3.68076801    
  0.777993560     -0.680460811      -3.66380239    
  0.778993547     -0.684116066      -3.64674520    
  0.779993534     -0.687754273      -3.62959671    
  0.780993521     -0.691375256      -3.61235762    
  0.781993508     -0.694978952      -3.59502816    
  0.782993495     -0.698565304      -3.57760882    
  0.783993483     -0.702134192      -3.56010008    
  0.784993470     -0.705685496      -3.54250240    
  0.785993457     -0.709219158      -3.52481604    
  0.786993444     -0.712735116      -3.50704145    
  0.787993431     -0.716233253      -3.48917937    
  0.788993418     -0.719713449      -3.47123003    
  0.789993405     -0.723175645      -3.45319390    
  0.790993392     -0.726619780      -3.43507147    
  0.791993380     -0.730045736      -3.41686320    
  0.792993367     -0.733453453      -3.39856935    
  0.793993354     -0.736842811      -3.38019061    
  0.794993341     -0.740213752      -3.36172748    
  0.795993328     -0.743566215      -3.34318018    
  0.796993315     -0.746900082      -3.32454920    
  0.797993302     -0.750215292      -3.30583525    
  0.798993289     -0.753511727      -3.28703856    
  0.799993277     -0.756789327      -3.26815987    
  0.800993264     -0.760048032      -3.24919939    
  0.801993251     -0.763287723      -3.23015761    
  0.802993238     -0.766508341      -3.21103501    
  0.803993225     -0.769709766      -3.19183230    
  0.804993212     -0.772891939      -3.17254972    
  0.805993199     -0.776054800      -3.15318775    
  0.806993186     -0.779198289      -3.13374710    
  0.807993174     -0.782322288      -3.11422801    
  0.808993161     -0.785426736      -3.09463120    
  0.809993148     -0.788511515      -3.07495689    
  0.810993135     -0.791576624      -3.05520582    
  0.811993122     -0.794621944      -3.03537822    
  0.812993109     -0.797647357      -3.01547480    
  0.813993096     -0.800652862      -2.99549603    
  0.814993083     -0.803638339      -2.97544241    
  0.815993071     -0.806603730      -2.95531440    
  0.816993058     -0.809548974      -2.93511248    
  0.817993045     -0.812473953      -2.91483712    
  0.818993032     -0.815378606      -2.89448881    
  0.819993019     -0.818262875      -2.87406826    
  0.820993006     -0.821126699      -2.85357594    
  0.821992993     -0.823970020      -2.83301210    
  0.822992980     -0.826792717      -2.81237745    
  0.823992968     -0.829594731      -2.79167247    
  0.824992955     -0.832376003      -2.77089787    
  0.825992942     -0.835136473      -2.75005388    
  0.826992929     -0.837876081      -2.72914124    
  0.827992916     -0.840594709      -2.70816040    
  0.828992903     -0.843292356      -2.68711185    
  0.829992890     -0.845968902      -2.66599607    
  0.830992877     -0.848624289      -2.64481354    
  0.831992865     -0.851258457      -2.62356496    
  0.832992852     -0.853871346      -2.60225081    
  0.833992839     -0.856462896      -2.58087158    
  0.834992826     -0.859033048      -2.55942774    
  0.835992813     -0.861581743      -2.53792000    
  0.836992800     -0.864108860      -2.51634884    
  0.837992787     -0.866614401      -2.49471474    
  0.838992774     -0.869098246      -2.47301817    
  0.839992762     -0.871560395      -2.45125985    
  0.840992749     -0.874000728      -2.42944026    
  0.841992736     -0.876419246      -2.40755987    
  0.842992723     -0.878815830      -2.38561940    
  0.843992710     -0.881190479      -2.36361933    
  0.844992697     -0.883543074      -2.34156013    
  0.845992684     -0.885873556      -2.31944227    
  0.846992671     -0.888181925      -2.29726648    
  0.847992659     -0.890468061      -2.27503324    
  0.848992646     -0.892731965      -2.25274324    
  0.849992633     -0.894973516      -2.23039699    
  0.850992620     -0.897192717      -2.20799494    
  0.851992607     -0.899389505      -2.18553758    
  0.852992594     -0.901563764      -2.16302562    
  0.853992581     -0.903715491      -2.14045954    
  0.854992568     -0.905844629      -2.11784005    
  0.855992556     -0.907951117      -2.09516764    
  0.856992543     -0.910034955      -2.07244277    
  0.857992530     -0.912096024      -2.04966617    
  0.858992517     -0.914134264      -2.02683830    
  0.859992504     -0.916149676      -2.00395966    
  0.860992491     -0.918142200      -1.98103094    
  0.861992478     -0.920111716      -1.95805275    
  0.862992465     -0.922058284      -1.93502557    
  0.863992453     -0.923981786      -1.91194999    
  0.864992440     -0.925882161      -1.88882661    
  0.865992427     -0.927759409      -1.86565602    
  0.866992414     -0.929613471      -1.84243882    
  0.867992401     -0.931444287      -1.81917560    
  0.868992388     -0.933251798      -1.79586685    
  0.869992375     -0.935036004      -1.77251315    
  0.870992362     -0.936796844      -1.74911523    
  0.871992350     -0.938534260      -1.72567356    
  0.872992337     -0.940248191      -1.70218873    
  0.873992324     -0.941938639      -1.67866135    
  0.874992311     -0.943605542      -1.65509200    
  0.875992298     -0.945248842      -1.63148129    
  0.876992285     -0.946868479      -1.60782981    
  0.877992272     -0.948464453      -1.58413815    
  0.878992260     -0.950036705      -1.56040680    
  0.879992247     -0.951585233      -1.53663647    
  0.880992234     -0.953109980      -1.51282775    
  0.881992221     -0.954610884      -1.48898125    
  0.882992208     -0.956087947      -1.46509743    
  0.883992195     -0.957541108      -1.44117701    
  0.884992182     -0.958970308      -1.41722059    
  0.885992169     -0.960375547      -1.39322877    
  0.886992157     -0.961756766      -1.36920202    
  0.887992144     -0.963113964      -1.34514105    
  0.888992131     -0.964447081      -1.32104647    
  0.889992118     -0.965756059      -1.29691887    
  0.890992105     -0.967040896      -1.27275884    
  0.891992092     -0.968301535      -1.24856699    
  0.892992079     -0.969537973      -1.22434390    
  0.893992066     -0.970750213      -1.20009029    
  0.894992054     -0.971938193      -1.17580664    
  0.895992041     -0.973101854      -1.15149355    
  0.896992028     -0.974241197      -1.12715173    
  0.897992015     -0.975356162      -1.10278165    
  0.898992002     -0.976446748      -1.07838404    
  0.899991989     -0.977512896      -1.05395949    
  0.900991976     -0.978554606      -1.02950859    
  0.901991963     -0.979571879      -1.00503194    
  0.902991951     -0.980564654     -0.980530202    
  0.903991938     -0.981532931     -0.956003904    
  0.904991925     -0.982476652     -0.931453705    
  0.905991912     -0.983395815     -0.906880260    
  0.906991899     -0.984290421     -0.882284105    
  0.907991886     -0.985160410     -0.857665896    
  0.908991873     -0.986005783     -0.833026290    
  0.909991860     -0.986826479     -0.808365822    
  0.910991848     -0.987622499     -0.783685148    
  0.911991835     -0.988393843     -0.758984864    
  0.912991822     -0.989140451     -0.734265625    
  0.913991809     -0.989862323     -0.709528029    
  0.914991796     -0.990559459     -0.684772730    
  0.915991783     -0.991231859     -0.660000265    
  0.916991770     -0.991879463     -0.635211349    
  0.917991757     -0.992502272     -0.610406518    
  0.918991745     -0.993100286     -0.585586429    
  0.919991732     -0.993673444     -0.560751677    
  0.920991719     -0.994221747     -0.535902917    
  0.921991706     -0.994745195     -0.511040807    
  0.922991693     -0.995243788     -0.486165881    
  0.923991680     -0.995717525     -0.461278796    
  0.924991667     -0.996166348     -0.436380208    
  0.925991654     -0.996590257     -0.411470711    
  0.926991642     -0.996989250     -0.386550903    
  0.927991629     -0.997363329     -0.361621439    
  0.928991616     -0.997712493     -0.336682945    
  0.929991603     -0.998036683     -0.311736017    
  0.930991590     -0.998335958     -0.286781311    
  0.931991577     -0.998610258     -0.261819422    
  0.932991564     -0.998859584     -0.236850992    
  0.933991551     -0.999083936     -0.211876646    
  0.934991539     -0.999283314     -0.186897010    
  0.935991526     -0.999457717     -0.161912695    
  0.936991513     -0.999607146     -0.136924326    
  0.937991500     -0.999731600     -0.111932538    
  0.938991487     -0.999831021      -8.69379491E-02
  0.939991474     -0.999905467      -6.19411916E-02
  0.940991461     -0.999954939      -3.69428843E-02
  0.941991448     -0.999979377      -1.19436532E-02
  0.942991436     -0.999978840       1.30558778E-02
  0.943991423     -0.999953270       3.80550846E-02
  0.944991410     -0.999902725       6.30533397E-02
  0.945991397     -0.999827147       8.80500153E-02
  0.946991384     -0.999726593      0.113044493    
  0.947991371     -0.999601066      0.138036147    
  0.948991358     -0.999450564      0.163024336    
  0.949991345     -0.999275029      0.188008457    
  0.950991333     -0.999074519      0.212987885    
  0.951991320     -0.998849034      0.237961978    
  0.952991307     -0.998598576      0.262930125    
  0.953991294     -0.998323143      0.287891686    
  0.954991281     -0.998022795      0.312846065    
  0.955991268     -0.997697473      0.337792635    
  0.956991255     -0.997347236      0.362730742    
  0.957991242     -0.996972024      0.387659788    
  0.958991230     -0.996571898      0.412579149    
  0.959991217     -0.996146858      0.437488198    
  0.960991204     -0.995696902      0.462386310    
  0.961991191     -0.995222092      0.487272859    
  0.962991178     -0.994722366      0.512147188    
  0.963991165     -0.994197786      0.537008762    
  0.964991152     -0.993648350      0.561856866    
  0.965991139     -0.993074059      0.586690962    
  0.966991127     -0.992474973      0.611510396    
  0.967991114     -0.991851032      0.636314511    
  0.968991101     -0.991202295      0.661102712    
  0.969991088     -0.990528822      0.685874403    
  0.970991075     -0.989830554      0.710628927    
  0.971991062     -0.989107549      0.735365689    
  0.972991049     -0.988359809      0.760084093    
  0.973991036     -0.987587392      0.784783483    
  0.974991024     -0.986790240      0.809463263    
  0.975991011     -0.985968471      0.834122777    
  0.976990998     -0.985122025      0.858761430    
  0.977990985     -0.984250963      0.883378625    
  0.978990972     -0.983355284      0.907973766    
  0.979990959     -0.982435048      0.932546198    
  0.980990946     -0.981490254      0.957095325    
  0.981990933     -0.980520904      0.981620491    
  0.982990921     -0.979527056       1.00612116    
  0.983990908     -0.978508711       1.03059661    
  0.984990895     -0.977465868       1.05504632    
  0.985990882     -0.976398587       1.07946968    
  0.986990869     -0.975306928       1.10386610    
  0.987990856     -0.974190891       1.12823486    
  0.988990843     -0.973050475       1.15257549    
  0.989990830     -0.971885741       1.17688727    
  0.990990818     -0.970696688       1.20116961    
  0.991990805     -0.969483376       1.22542191    
  0.992990792     -0.968245864       1.24964356    
  0.993990779     -0.966984093       1.27383399    
  0.994990766     -0.965698183       1.29799259    
  0.995990753     -0.964388132       1.32211876    
  0.996990740     -0.963053942       1.34621179    
  0.997990727     -0.961695671       1.37027121    
  0.998990715     -0.960313380       1.39429641    
  0.999990702     -0.958907068       1.41828668    
   1.00099075     -0.957476795       1.44224155    
   1.00199080     -0.956022620       1.46616030    
   1.00299084     -0.954544544       1.49004245    
   1.00399089     -0.953042567       1.51388729    
   1.00499094     -0.951516747       1.53769433    
   1.00599098     -0.949967146       1.56146288    
   1.00699103     -0.948393822       1.58519244    
   1.00799108     -0.946796775       1.60888243    
   1.00899112     -0.945176065       1.63253212    
   1.00999117     -0.943531752       1.65614104    
   1.01099122     -0.941863835       1.67970848    
   1.01199126     -0.940172374       1.70323396    
   1.01299131     -0.938457370       1.72671688    
   1.01399136     -0.936718941       1.75015664    
   1.01499140     -0.934957087       1.77355266    
   1.01599145     -0.933171868       1.79690433    
   1.01699150     -0.931363285       1.82021105    
   1.01799154     -0.929531455       1.84347224    
   1.01899159     -0.927676380       1.86668742    
   1.01999164     -0.925798118       1.88985586    
   1.02099168     -0.923896670       1.91297710    
   1.02199173     -0.921972156       1.93605053    
   1.02299178     -0.920024574       1.95907557    
   1.02399182     -0.918053985       1.98205161    
   1.02499187     -0.916060448       2.00497818    
   1.02599192     -0.914044023       2.02785444    
   1.02699196     -0.912004769       2.05068016    
   1.02799201     -0.909942687       2.07345462    
   1.02899206     -0.907857895       2.09617710    
   1.02999210     -0.905750394       2.11884737    
   1.03099215     -0.903620243       2.14146447    
   1.03199220     -0.901467502       2.16402817    
   1.03299224     -0.899292231       2.18653774    
   1.03399229     -0.897094488       2.20899272    
   1.03499234     -0.894874275       2.23139238    
   1.03599238     -0.892631710       2.25373626    
   1.03699243     -0.890366852       2.27602386    
   1.03799248     -0.888079703       2.29825449    
   1.03899252     -0.885770380       2.32042766    
   1.03999257     -0.883438885       2.34254289    
   1.04099262     -0.881085336       2.36459947    
   1.04199266     -0.878709733       2.38659692    
   1.04299271     -0.876312137       2.40853477    
   1.04399276     -0.873892665       2.43041229    
   1.04499280     -0.871451318       2.45222902    
   1.04599285     -0.868988216       2.47398448    
   1.04699290     -0.866503358       2.49567819    
   1.04799294     -0.863996863       2.51730943    
   1.04899299     -0.861468792       2.53887773    
   1.04999304     -0.858919144       2.56038260    
   1.05099308     -0.856348038       2.58182359    
   1.05199313     -0.853755534       2.60319996    
   1.05299318     -0.851141691       2.62451124    
   1.05399323     -0.848506570       2.64575696    
   1.05499327     -0.845850229       2.66693640    
   1.05599332     -0.843172729       2.68804932    
   1.05699337     -0.840474129       2.70909500    
   1.05799341     -0.837754548       2.73007298    
   1.05899346     -0.835013986       2.75098252    
   1.05999351     -0.832252562       2.77182341    
   1.06099355     -0.829470336       2.79259491    
   1.06199360     -0.826667368       2.81329679    
   1.06299365     -0.823843777       2.83392835    
   1.06399369     -0.820999563       2.85448885    
   1.06499374     -0.818134844       2.87497807    
   1.06599379     -0.815249622       2.89539552    
   1.06699383     -0.812344074       2.91574049    
   1.06799388     -0.809418201       2.93601251    
   1.06899393     -0.806472063       2.95621109    
   1.06999397     -0.803505778       2.97633576    
   1.07099402     -0.800519407       2.99638605    
   1.07199407     -0.797513008       3.01636147    
   1.07299411     -0.794486701       3.03626156    
   1.07399416     -0.791440547       3.05608559    
   1.07499421     -0.788374603       3.07583332    
   1.07599425     -0.785288930       3.09550405    
   1.07699430     -0.782183647       3.11509752    
   1.07799435     -0.779058814       3.13461304    
   1.07899439     -0.775914490       3.15405035    
   1.07999444     -0.772750735       3.17340875    
   1.08099449     -0.769567668       3.19268775    
   1.08199453     -0.766365349       3.21188688    
   1.08299458     -0.763143897       3.23100567    
   1.08399463     -0.759903371       3.25004387    
   1.08499467     -0.756643832       3.26900077    
   1.08599472     -0.753365397       3.28787589    
   1.08699477     -0.750068128       3.30666876    
   1.08799481     -0.746752083       3.32537913    
   1.08899486     -0.743417382       3.34400630    
   1.08999491     -0.740064085       3.36254978    
   1.09099495     -0.736692309       3.38100934    
   1.09199500     -0.733302116       3.39938426    
   1.09299505     -0.729893565       3.41767430    
   1.09399509     -0.726466775       3.43587875    
   1.09499514     -0.723021805       3.45399737    
   1.09599519     -0.719558775       3.47202969    
   1.09699523     -0.716077745       3.48997521    
   1.09799528     -0.712578833       3.50783348    
   1.09899533     -0.709062099       3.52560401    
   1.09999537     -0.705527663       3.54328632    
   1.10099542     -0.701975584       3.56088018    
   1.10199547     -0.698405921       3.57838488    
   1.10299551     -0.694818795       3.59580016    
   1.10399556     -0.691214323       3.61312556    
   1.10499561     -0.687592566       3.63036060    
   1.10599566     -0.683953643       3.64750504    
   1.10699570     -0.680297613       3.66455817    
   1.10799575     -0.676624537       3.68151975    
   1.10899580     -0.672934592       3.69838929    
   1.10999584     -0.669227779       3.71516633    
   1.11099589     -0.665504277       3.73185062    
   1.11199594     -0.661764145       3.74844146    
   1.11299598     -0.658007443       3.76493859    
   1.11399603     -0.654234290       3.78134155    
   1.11499608     -0.650444806       3.79765010    
   1.11599612     -0.646639049       3.81386375    
   1.11699617     -0.642817140       3.82998204    
   1.11799622     -0.638979137       3.84600449    
   1.11899626     -0.635125160       3.86193085    
   1.11999631     -0.631255329       3.87776065    
   1.12099636     -0.627369702       3.89349341    
   1.12199640     -0.623468399       3.90912890    
   1.12299645     -0.619551480       3.92466664    
   1.12399650     -0.615619063       3.94010639    
   1.12499654     -0.611671269       3.95544744    
   1.12599659     -0.607708216       3.97068977    
   1.12699664     -0.603729963       3.98583269    
   1.12799668     -0.599736571       4.00087595    
   1.12899673     -0.595728219       4.01581907    
   1.12999678     -0.591704965       4.03066206    
   1.13099682     -0.587666929       4.04540443    
   1.13199687     -0.583614171       4.06004524    
   1.13299692     -0.579546869       4.07458496    
   1.13399696     -0.575465083       4.08902264    
   1.13499701     -0.571368873       4.10335827    
   1.13599706     -0.567258418       4.11759090    
   1.13699710     -0.563133776       4.13172102    
   1.13799715     -0.558995008       4.14574766    
   1.13899720     -0.554842293       4.15967083    
   1.13999724     -0.550675690       4.17349005    
   1.14099729     -0.546495318       4.18720484    
   1.14199734     -0.542301297       4.20081472    
   1.14299738     -0.538093746       4.21431971    
   1.14399743     -0.533872724       4.22771931    
   1.14499748     -0.529638350       4.24101305    
   1.14599752     -0.525390744       4.25420094    
   1.14699757     -0.521129966       4.26728249    
   1.14799762     -0.516856194       4.28025723    
   1.14899766     -0.512569487       4.29312515    
   1.14999771     -0.508269966       4.30588579    
   1.15099776     -0.503957748       4.31853867    
   1.15199780     -0.499632925       4.33108377    
   1.15299785     -0.495295614       4.34352064    
   1.15399790     -0.490945935       4.35584879    
   1.15499794     -0.486583978       4.36806774    
   1.15599799     -0.482209831       4.38017750    
   1.15699804     -0.477823645       4.39217806    
   1.15799809     -0.473425508       4.40406847    
   1.15899813     -0.469015539       4.41584921    
   1.15999818     -0.464593858       4.42751932    
   1.16099823     -0.460160553       4.43907881    
   1.16199827     -0.455715746       4.45052719    
   1.16299832     -0.451259553       4.46186447    
   1.16399837     -0.446792066       4.47309017    
   1.16499841     -0.442313403       4.48420382    
   1.16599846     -0.437823683       4.49520540    
   1.16699851     -0.433323026       4.50609493    
   1.16799855     -0.428811520       4.51687145    
   1.16899860     -0.424289316       4.52753544    
   1.16999865     -0.419756502       4.53808594    
   1.17099869     -0.415213197       4.54852295    
   1.17199874     -0.410659492       4.55884647    
   1.17299879     -0.406095535       4.56905603    
   1.17399883     -0.401521415       4.57915115    
   1.17499888     -0.396937251       4.58913183    
   1.17599893     -0.392343163       4.59899807    
   1.17699897     -0.387739271       4.60874891    
   1.17799902     -0.383125693       4.61838484    
   1.17899907     -0.378502548       4.62790537    
   1.17999911     -0.373869926       4.63731003    
   1.18099916     -0.369227976       4.64659882    
   1.18199921     -0.364576787       4.65577126    
   1.18299925     -0.359916478       4.66482735    
   1.18399930     -0.355247170       4.67376709    
   1.18499935     -0.350568980       4.68259001    
   1.18599939     -0.345882028       4.69129562    
   1.18699944     -0.341186434       4.69988394    
   1.18799949     -0.336482316       4.70835495    
   1.18899953     -0.331769764       4.71670818    
   1.18999958     -0.327048928       4.72494364    
   1.19099963     -0.322319925       4.73306084    
   1.19199967     -0.317582846       4.74105978    
   1.19299972     -0.312837839       4.74893999    
   1.19399977     -0.308084995       4.75670147    
   1.19499981     -0.303324461       4.76434422    
   1.19599986     -0.298556358       4.77186775    
   1.19699991     -0.293780774       4.77927208    
   1.19799995     -0.288997859       4.78655672    
   1.19900000     -0.284207702       4.79372168    
   1.20000005     -0.279410452       4.80076694    
   1.20100009     -0.274606198       4.80769205    
   1.20200014     -0.269795090       4.81449699    
   1.20300019     -0.264977247       4.82118177    
   1.20400023     -0.260152787       4.82774591    
   1.20500028     -0.255321801       4.83418941    
   1.20600033     -0.250484437       4.84051180    
   1.20700037     -0.245640814       4.84671354    
   1.20800042     -0.240791053       4.85279417    
   1.20900047     -0.235935271       4.85875320    
   1.21000051     -0.231073588       4.86459064    
   1.21100056     -0.226206124       4.87030649    
   1.21200061     -0.221333012       4.87590075    
   1.21300066     -0.216454372       4.88137293    
   1.21400070     -0.211570308       4.88672304    
   1.21500075     -0.206680954       4.89195108    
   1.21600080     -0.201786444       4.89705706    
   1.21700084     -0.196886882       4.90204048    
   1.21800089     -0.191982403       4.90690136    
   1.21900094     -0.187073126       4.91163969    
   1.22000098     -0.182159171       4.91625500    
   1.22100103     -0.177240655       4.92074728    
   1.22200108     -0.172317713       4.92511654    
   1.22300112     -0.167390466       4.92936277    
   1.22400117     -0.162459031       4.93348598    
   1.22500122     -0.157523528       4.93748569    
   1.22600126     -0.152584091       4.94136190    
   1.22700131     -0.147640839       4.94511461    
   1.22800136     -0.142693907       4.94874382    
   1.22900140     -0.137743399       4.95224953    
   1.23000145     -0.132789448       4.95563126    
   1.23100150     -0.127832174       4.95888901    
   1.23200154     -0.122871704       4.96202278    
   1.23300159     -0.117908165       4.96503258    
   1.23400164     -0.112941682       4.96791840    
   1.23500168     -0.107972369       4.97067976    
   1.23600173     -0.103000358       4.97331715    
   1.23700178      -9.80257764E-02   4.97583008    
   1.23800182      -9.30487439E-02   4.97821856    
   1.23900187      -8.80693793E-02   4.98048258    
   1.24000192      -8.30878168E-02   4.98262215    
   1.24100196      -7.81041756E-02   4.98463726    
   1.24200201      -7.31185824E-02   4.98652744    
   1.24300206      -6.81311637E-02   4.98829317    
   1.24400210      -6.31420389E-02   4.98993397    
   1.24500215      -5.81513345E-02   4.99145031    
   1.24600220      -5.31591773E-02   4.99284172    
   1.24700224      -4.81656902E-02   4.99410820    
   1.24800229      -4.31709997E-02   4.99524975    
   1.24900234      -3.81752327E-02   4.99626637    
   1.25000238      -3.31785083E-02   4.99715805    
   1.25100243      -2.81809568E-02   4.99792528    
   1.25200248      -2.31826995E-02   4.99856710    
   1.25300252      -1.81838628E-02   4.99908400    
   1.25400257      -1.31845716E-02   4.99947596    
   1.25500262      -8.18495080E-03   4.99974298    
   1.25600266      -3.18512600E-03   4.99988508    
   1.25700271       1.81477796E-03   4.99990225    
   1.25800276       6.81463676E-03   4.99979448    
   1.25900280       1.18143251E-02   4.99956179    
   1.26000285       1.68137178E-02   4.99920416    
   1.26100290       2.18126904E-02   4.99872112    
   1.26200294       2.68111192E-02   4.99811316    
   1.26300299       3.18088755E-02   4.99738026    
   1.26400304       3.68058383E-02   4.99652243    
   1.26500309       4.18018810E-02   4.99553967    
   1.26600313       4.67968769E-02   4.99443197    
   1.26700318       5.17907031E-02   4.99319983    
   1.26800323       5.67832366E-02   4.99184275    
   1.26900327       6.17743507E-02   4.99036074    
   1.27000332       6.67639151E-02   4.98875380    
   1.27100337       7.17518106E-02   4.98702240    
   1.27200341       7.67379180E-02   4.98516607    
   1.27300346       8.17221031E-02   4.98318529    
   1.27400351       8.67042467E-02   4.98108006    
   1.27500355       9.16842222E-02   4.97885036    
   1.27600360       9.66619030E-02   4.97649622    
   1.27700365      0.101637170       4.97401762    
   1.27800369      0.106609896       4.97141457    
   1.27900374      0.111579955       4.96868706    
   1.28000379      0.116547227       4.96583557    
   1.28100383      0.121511586       4.96285963    
   1.28200388      0.126472905       4.95975971    
   1.28300393      0.131431058       4.95653582    
   1.28400397      0.136385933       4.95318794    
   1.28500402      0.141337395       4.94971657    
   1.28600407      0.146285325       4.94612122    
   1.28700411      0.151229590       4.94240236    
   1.28800416      0.156170085       4.93856001    
   1.28900421      0.161106676       4.93459415    
   1.29000425      0.166039228       4.93050480    
   1.29100430      0.170967638       4.92629242    
   1.29200435      0.175891772       4.92195654    
   1.29300439      0.180811509       4.91749763    
   1.29400444      0.185726732       4.91291571    
   1.29500449      0.190637305       4.90821123    
   1.29600453      0.195543110       4.90338373    
   1.29700458      0.200444028       4.89843369    
   1.29800463      0.205339938       4.89336157    
   1.29900467      0.210230708       4.88816690    
   1.30000472      0.215116233       4.88285017    
   1.30100477      0.219996378       4.87741137    
   1.30200481      0.224871024       4.87185049    
   1.30300486      0.229740039       4.86616802    
   1.30400491      0.234603316       4.86036348    
   1.30500495      0.239460722       4.85443783    
   1.30600500      0.244312152       4.84839058    
   1.30700505      0.249157473       4.84222221    
   1.30800509      0.253996551       4.83593273    
   1.30900514      0.258829296       4.82952261    
   1.31000519      0.263655573       4.82299137    
   1.31100523      0.268475235       4.81633949    
   1.31200528      0.273288190       4.80956745    
   1.31300533      0.278094321       4.80267525    
   1.31400537      0.282893509       4.79566288    
   1.31500542      0.287685603       4.78853083    
   1.31600547      0.292470515       4.78127909    
   1.31700552      0.297248125       4.77390766    
   1.31800556      0.302018285       4.76641703    
   1.31900561      0.306780905       4.75880718    
   1.32000566      0.311535865       4.75107813    
   1.32100570      0.316283017       4.74323034    
   1.32200575      0.321022272       4.73526382    
   1.32300580      0.325753510       4.72717905    
   1.32400584      0.330476612       4.71897602    
   1.32500589      0.335191429       4.71065521    
   1.32600594      0.339897871       4.70221663    
   1.32700598      0.344595820       4.69366026    
   1.32800603      0.349285156       4.68498659    
   1.32900608      0.353965759       4.67619610    
   1.33000612      0.358637512       4.66728830    
   1.33100617      0.363300294       4.65826416    
   1.33200622      0.367953986       4.64912367    
   1.33300626      0.372598499       4.63986683    
   1.33400631      0.377233684       4.63049412    
   1.33500636      0.381859452       4.62100554    
   1.33600640      0.386475652       4.61140156    
   1.33700645      0.391082197       4.60168219    
   1.33800650      0.395678967       4.59184742    
   1.33900654      0.400265843       4.58189821    
   1.34000659      0.404842705       4.57183456    
   1.34100664      0.409409463       4.56165648    
   1.34200668      0.413965970       4.55136442    
   1.34300673      0.418512136       4.54095840    
   1.34400678      0.423047841       4.53043890    
   1.34500682      0.427572966       4.51980591    
   1.34600687      0.432087421       4.50905991    
   1.34700692      0.436591059       4.49820137    
   1.34800696      0.441083789       4.48723030    
   1.34900701      0.445565492       4.47614717    
   1.35000706      0.450036049       4.46495199    
   1.35100710      0.454495370       4.45364523    
   1.35200715      0.458943307       4.44222736    
   1.35300720      0.463379771       4.43069839    
   1.35400724      0.467804670       4.41905880    
   1.35500729      0.472217858       4.40730858    
   1.35600734      0.476619244       4.39544821    
   1.35700738      0.481008708       4.38347769    
   1.35800743      0.485386163       4.37139750    
   1.35900748      0.489751488       4.35920811    
   1.36000752      0.494104564       4.34691000    
   1.36100757      0.498445272       4.33450317    
   1.36200762      0.502773523       4.32198811    
   1.36300766      0.507089198       4.30936480    
   1.36400771      0.511392236       4.29663372    
   1.36500776      0.515682459       4.28379536    
   1.36600780      0.519959807       4.27084970    
   1.36700785      0.524224162       4.25779724    
   1.36800790      0.528475404       4.24463844    
   1.36900795      0.532713413       4.23137379    
   1.37000799      0.536938131       4.21800327    
   1.37100804      0.541149378       4.20452738    
   1.37200809      0.545347095       4.19094610    
   1.37300813      0.549531221       4.17725992    
   1.37400818      0.553701580       4.16346931    
   1.37500823      0.557858109       4.14957476    
   1.37600827      0.562000692       4.13557673    
   1.37700832      0.566129208       4.12147522    
   1.37800837      0.570243597       4.10727072    
   1.37900841      0.574343741       4.09296322    
   1.38000846      0.578429520       4.07855368    
   1.38100851      0.582500815       4.06404209    
   1.38200855      0.586557567       4.04942894    
   1.38300860      0.590599656       4.03471422    
   1.38400865      0.594626963       4.01989889    
   1.38500869      0.598639429       4.00498295    
   1.38600874      0.602636933       3.98996687    
   1.38700879      0.606619358       3.97485113    
   1.38800883      0.610586584       3.95963597    
   1.38900888      0.614538550       3.94432187    
   1.39000893      0.618475199       3.92890906    
   1.39100897      0.622396350       3.91339803    
   1.39200902      0.626301944       3.89778924    
   1.39300907      0.630191863       3.88208294    
   1.39400911      0.634066045       3.86627960    
   1.39500916      0.637924373       3.85037971    
   1.39600921      0.641766787       3.83438349    
   1.39700925      0.645593107       3.81829143    
   1.39800930      0.649403334       3.80210400    
   1.39900935      0.653197289       3.78582144    
   1.40000939      0.656974912       3.76944423    
   1.40100944      0.660736144       3.75297284    
   1.40200949      0.664480865       3.73640752    
   1.40300953      0.668208957       3.71974897    
   1.40400958      0.671920359       3.70299721    
   1.40500963      0.675614953       3.68615294    
   1.40600967      0.679292619       3.66921663    
   1.40700972      0.682953358       3.65218854    
   1.40800977      0.686596990       3.63506913    
   1.40900981      0.690223455       3.61785889    
   1.41000986      0.693832695       3.60055804    
   1.41100991      0.697424591       3.58316731    
   1.41200995      0.700999022       3.56568694    
   1.41301000      0.704555929       3.54811740    
   1.41401005      0.708095253       3.53045917    
   1.41501009      0.711616874       3.51271272    
   1.41601014      0.715120673       3.49487853    
   1.41701019      0.718606591       3.47695684    
   1.41801023      0.722074568       3.45894837    
   1.41901028      0.725524485       3.44085336    
   1.42001033      0.728956282       3.42267227    
   1.42101038      0.732369840       3.40440559    
   1.42201042      0.735765100       3.38605380    
   1.42301047      0.739141941       3.36761737    
   1.42401052      0.742500305       3.34909678    
   1.42501056      0.745840132       3.33049250    
   1.42601061      0.749161303       3.31180501    
   1.42701066      0.752463758       3.29303455    
   1.42801070      0.755747378       3.27418184    
   1.42901075      0.759012103       3.25524735    
   1.43001080      0.762257874       3.23623133    
   1.43101084      0.765484571       3.21713448    
   1.43201089      0.768692136       3.19795728    
   1.43301094      0.771880448       3.17869997    
   1.43401098      0.775049508       3.15936327    
   1.43501103      0.778199196       3.13994765    
   1.43601108      0.781329393       3.12045360    
   1.43701112      0.784440041       3.10088134    
   1.43801117      0.787531078       3.08123159    
   1.43901122      0.790602446       3.06150484    
   1.44001126      0.793654084       3.04170156    
   1.44101131      0.796685874       3.02182221    
   1.44201136      0.799697697       3.00186729    
   1.44301140      0.802689552       2.98183751    
   1.44401145      0.805661321       2.96173310    
   1.44501150      0.808612943       2.94155455    
   1.44601154      0.811544359       2.92130256    
   1.44701159      0.814455509       2.90097761    
   1.44801164      0.817346275       2.88057995    
   1.44901168      0.820216656       2.86011028    
   1.45001173      0.823066473       2.83956909    
   1.45101178      0.825895727       2.81895709    
   1.45201182      0.828704357       2.79827452    
   1.45301187      0.831492245       2.77752209    
   1.45401192      0.834259391       2.75670004    
   1.45501196      0.837005675       2.73580909    
   1.45601201      0.839731038       2.71484995    
   1.45701206      0.842435360       2.69382286    
   1.45801210      0.845118642       2.67272830    
   1.45901215      0.847780824       2.65156698    
   1.46001220      0.850421786       2.63033938    
   1.46101224      0.853041470       2.60904598    
   1.46201229      0.855639815       2.58768749    
   1.46301234      0.858216822       2.56626415    
   1.46401238      0.860772371       2.54477668    
   1.46501243      0.863306403       2.52322555    
   1.46601248      0.865818799       2.50161147    
   1.46701252      0.868309557       2.47993493    
   1.46801257      0.870778620       2.45819616    
   1.46901262      0.873225927       2.43639612    
   1.47001266      0.875651419       2.41453505    
   1.47101271      0.878054976       2.39261365    
   1.47201276      0.880436599       2.37063241    
   1.47301280      0.882796228       2.34859204    
   1.47401285      0.885133803       2.32649279    
   1.47501290      0.887449205       2.30433536    
   1.47601295      0.889742434       2.28212047    
   1.47701299      0.892013431       2.25984836    
   1.47801304      0.894262135       2.23751998    
   1.47901309      0.896488488       2.21513557    
   1.48001313      0.898692429       2.19269586    
   1.48101318      0.900873899       2.17020130    
   1.48201323      0.903032839       2.14765239    
   1.48301327      0.905169189       2.12504983    
   1.48401332      0.907282889       2.10239410    
   1.48501337      0.909373939       2.07968593    
   1.48601341      0.911442220       2.05692577    
   1.48701346      0.913487732       2.03411412    
   1.48801351      0.915510416       2.01125169    
   1.48901355      0.917510211       1.98833883    
   1.49001360      0.919487059       1.96537626    
   1.49101365      0.921440959       1.94236457    
   1.49201369      0.923371792       1.91930437    
   1.49301374      0.925279558       1.89619613    
   1.49401379      0.927164197       1.87304056    
   1.49501383      0.929025650       1.84983814    
   1.49601388      0.930863857       1.82658947    
   1.49701393      0.932678819       1.80329514    
   1.49801397      0.934470475       1.77995574    
   1.49901402      0.936238766       1.75657177    
   1.50001407      0.937983632       1.73314393    
   1.50101411      0.939705014       1.70967281    
   1.50201416      0.941402912       1.68615890    
   1.50301421      0.943077326       1.66260290    
   1.50401425      0.944728136       1.63900530    
   1.50501430      0.946355343       1.61536670    
   1.50601435      0.947958887       1.59168768    
   1.50701439      0.949538708       1.56796896    
   1.50801444      0.951094806       1.54421103    
   1.50901449      0.952627122       1.52041447    
   1.51001453      0.954135597       1.49657989    
   1.51101458      0.955620229       1.47270787    
   1.51201463      0.957080960       1.44879901    
   1.51301467      0.958517790       1.42485404    
   1.51401472      0.959930658       1.40087342    
   1.51501477      0.961319506       1.37685776    
   1.51601481      0.962684333       1.35280764    
   1.51701486      0.964025080       1.32872367    
   1.51801491      0.965341747       1.30460656    
   1.51901495      0.966634274       1.28045678    
   1.52001500      0.967902660       1.25627506    
   1.52101505      0.969146848       1.23206186    
   1.52201509      0.970366776       1.20781791    
   1.52301514      0.971562445       1.18354380    
   1.52401519      0.972733855       1.15924001    
   1.52501523      0.973880947       1.13490725    
   1.52601528      0.975003660       1.11054611    
   1.52701533      0.976101995       1.08615720    
   1.52801538      0.977175951       1.06174123    
   1.52901542      0.978225470       1.03729868    
   1.53001547      0.979250550       1.01283014    
   1.53101552      0.980251133      0.988336325    
   1.53201556      0.981227219      0.963817775    
   1.53301561      0.982178748      0.939275146    
   1.53401566      0.983105719      0.914709032    
   1.53501570      0.984008133      0.890120029    
   1.53601575      0.984885931      0.865508795    
   1.53701580      0.985739112      0.840875924    
   1.53801584      0.986567676      0.816222012    
   1.53901589      0.987371564      0.791547716    
   1.54001594      0.988150775      0.766853631    
   1.54101598      0.988905251      0.742140353    
   1.54201603      0.989635050      0.717408538    
   1.54301608      0.990340114      0.692658782    
   1.54401612      0.991020381      0.667891741    
   1.54501617      0.991675854      0.643108010    
   1.54601622      0.992306590      0.618308187    
   1.54701626      0.992912471      0.593492866    
   1.54801631      0.993493557      0.568662763    
   1.54901636      0.994049788      0.543818414    
   1.55001640      0.994581163      0.518960476    
   1.55101645      0.995087683      0.494089574    
   1.55201650      0.995569348      0.469206303    
   1.55301654      0.996026099      0.444311321    
   1.55401659      0.996457934      0.419405222    
   1.55501664      0.996864855      0.394488633    
   1.55601668      0.997246861      0.369562179    
   1.55701673      0.997603953      0.344626486    
   1.55801678      0.997936130      0.319682181    
   1.55901682      0.998243332      0.294729888    
   1.56001687      0.998525560      0.269770235    
   1.56101692      0.998782873      0.244803831    
   1.56201696      0.999015212      0.219831303    
   1.56301701      0.999222577      0.194853276    
   1.56401706      0.999404967      0.169870377    
   1.56501710      0.999562323      0.144883230    
   1.56601715      0.999694705      0.119892463    
   1.56701720      0.999802113       9.48987007E-02
   1.56801724      0.999884486       6.99025691E-02
   1.56901729      0.999941885       4.49046865E-02
   1.57001734      0.999974310       1.99056789E-02
