   1.00100005       1.00008619E-03   1.00017250    
   1.00200009       2.00034515E-03   1.00034535    
   1.00300014       3.00077721E-03   1.00051844    
   1.00400019       4.00138227E-03   1.00069177    
   1.00500023       5.00216102E-03   1.00086534    
   1.00600028       6.00311346E-03   1.00103915    
   1.00700033       7.00423960E-03   1.00121319    
   1.00800037       8.00553989E-03   1.00138748    
   1.00900042       9.00701433E-03   1.00156200    
   1.01000047       1.00086639E-02   1.00173676    
   1.01100051       1.10104885E-02   1.00191176    
   1.01200056       1.20124882E-02   1.00208700    
   1.01300061       1.30146630E-02   1.00226259    
   1.01400065       1.40170138E-02   1.00243843    
   1.01500070       1.50195407E-02   1.00261450    
   1.01600075       1.60222426E-02   1.00279081    
   1.01700079       1.70251224E-02   1.00296736    
   1.01800084       1.80281773E-02   1.00314415    
   1.01900089       1.90314092E-02   1.00332117    
   1.02000093       2.00348198E-02   1.00349844    
   1.02100098       2.10384075E-02   1.00367606    
   1.02200103       2.20421720E-02   1.00385392    
   1.02300107       2.30461154E-02   1.00403202    
   1.02400112       2.40502357E-02   1.00421035    
   1.02500117       2.50545349E-02   1.00438893    
   1.02600121       2.60590129E-02   1.00456774    
   1.02700126       2.70636696E-02   1.00474679    
   1.02800131       2.80685071E-02   1.00492620    
   1.02900136       2.90735234E-02   1.00510585    
   1.03000140       3.00787184E-02   1.00528574    
   1.03100145       3.10840942E-02   1.00546587    
   1.03200150       3.20896506E-02   1.00564623    
   1.03300154       3.30953859E-02   1.00582683    
   1.03400159       3.41013037E-02   1.00600767    
   1.03500164       3.51074003E-02   1.00618887    
   1.03600168       3.61136794E-02   1.00637031    
   1.03700173       3.71201411E-02   1.00655198    
   1.03800178       3.81267853E-02   1.00673389    
   1.03900182       3.91336121E-02   1.00691605    
   1.04000187       4.01406176E-02   1.00709844    
   1.04100192       4.11478058E-02   1.00728118    
   1.04200196       4.21551801E-02   1.00746417    
   1.04300201       4.31627370E-02   1.00764740    
   1.04400206       4.41704765E-02   1.00783086    
   1.04500210       4.51783985E-02   1.00801456    
   1.04600215       4.61865067E-02   1.00819850    
   1.04700220       4.71947975E-02   1.00838280    
   1.04800224       4.82032709E-02   1.00856733    
   1.04900229       4.92119305E-02   1.00875211    
   1.05000234       5.02207763E-02   1.00893712    
   1.05100238       5.12298048E-02   1.00912237    
   1.05200243       5.22390194E-02   1.00930798    
   1.05300248       5.32484204E-02   1.00949383    
   1.05400252       5.42580076E-02   1.00967991    
   1.05500257       5.52677810E-02   1.00986624    
   1.05600262       5.62777407E-02   1.01005280    
   1.05700266       5.72878867E-02   1.01023972    
   1.05800271       5.82982190E-02   1.01042688    
   1.05900276       5.93087412E-02   1.01061428    
   1.06000280       6.03194498E-02   1.01080191    
   1.06100285       6.13303445E-02   1.01098990    
   1.06200290       6.23414293E-02   1.01117814    
   1.06300294       6.33527040E-02   1.01136661    
   1.06400299       6.43641651E-02   1.01155531    
   1.06500304       6.53758124E-02   1.01174426    
   1.06600308       6.63876534E-02   1.01193357    
   1.06700313       6.73996806E-02   1.01212311    
   1.06800318       6.84119016E-02   1.01231289    
   1.06900322       6.94243088E-02   1.01250291    
   1.07000327       7.04369098E-02   1.01269329    
   1.07100332       7.14496970E-02   1.01288390    
   1.07200336       7.24626780E-02   1.01307476    
   1.07300341       7.34758452E-02   1.01326585    
   1.07400346       7.44892061E-02   1.01345730    
   1.07500350       7.55027607E-02   1.01364899    
   1.07600355       7.65165091E-02   1.01384091    
   1.07700360       7.75304437E-02   1.01403308    
   1.07800364       7.85445720E-02   1.01422560    
   1.07900369       7.95588940E-02   1.01441836    
   1.08000374       8.05734098E-02   1.01461136    
   1.08100379       8.15881193E-02   1.01480460    
   1.08200383       8.26030225E-02   1.01499820    
   1.08300388       8.36181194E-02   1.01519203    
   1.08400393       8.46334100E-02   1.01538610    
   1.08500397       8.56488943E-02   1.01558042    
   1.08600402       8.66645724E-02   1.01577508    
   1.08700407       8.76804441E-02   1.01596999    
   1.08800411       8.86965096E-02   1.01616514    
   1.08900416       8.97127688E-02   1.01636064    
   1.09000421       9.07292292E-02   1.01655638    
   1.09100425       9.17458832E-02   1.01675236    
   1.09200430       9.27627310E-02   1.01694858    
   1.09300435       9.37797800E-02   1.01714516    
   1.09400439       9.47970226E-02   1.01734197    
   1.09500444       9.58144665E-02   1.01753902    
   1.09600449       9.68321040E-02   1.01773643    
   1.09700453       9.78499427E-02   1.01793408    
   1.09800458       9.88679752E-02   1.01813197    
   1.09900463       9.98862088E-02   1.01833022    
   1.10000467      0.100904636       1.01852870    
   1.10100472      0.101923265       1.01872742    
   1.10200477      0.102942094       1.01892650    
   1.10300481      0.103961118       1.01912582    
   1.10400486      0.104980342       1.01932538    
   1.10500491      0.105999768       1.01952517    
   1.10600495      0.107019395       1.01972532    
   1.10700500      0.108039223       1.01992571    
   1.10800505      0.109059252       1.02012634    
   1.10900509      0.110079482       1.02032733    
   1.11000514      0.111099914       1.02052855    
   1.11100519      0.112120546       1.02073002    
   1.11200523      0.113141380       1.02093184    
   1.11300528      0.114162415       1.02113390    
   1.11400533      0.115183651       1.02133620    
   1.11500537      0.116205089       1.02153885    
   1.11600542      0.117226727       1.02174175    
   1.11700547      0.118248567       1.02194500    
   1.11800551      0.119270615       1.02214849    
   1.11900556      0.120292865       1.02235222    
   1.12000561      0.121315315       1.02255630    
   1.12100565      0.122337975       1.02276063    
   1.12200570      0.123360835       1.02296519    
   1.12300575      0.124383904       1.02317011    
   1.12400579      0.125407174       1.02337527    
   1.12500584      0.126430646       1.02358067    
   1.12600589      0.127454326       1.02378643    
   1.12700593      0.128478214       1.02399242    
   1.12800598      0.129502311       1.02419877    
   1.12900603      0.130526617       1.02440536    
   1.13000607      0.131551132       1.02461219    
   1.13100612      0.132575855       1.02481937    
   1.13200617      0.133600771       1.02502680    
   1.13300622      0.134625897       1.02523458    
   1.13400626      0.135651231       1.02544260    
   1.13500631      0.136676773       1.02565086    
   1.13600636      0.137702525       1.02585948    
   1.13700640      0.138728485       1.02606833    
   1.13800645      0.139754653       1.02627754    
   1.13900650      0.140781030       1.02648699    
   1.14000654      0.141807616       1.02669668    
   1.14100659      0.142834425       1.02690673    
   1.14200664      0.143861443       1.02711701    
   1.14300668      0.144888669       1.02732766    
   1.14400673      0.145916104       1.02753854    
   1.14500678      0.146943748       1.02774966    
   1.14600682      0.147971600       1.02796113    
   1.14700687      0.148999661       1.02817285    
   1.14800692      0.150027946       1.02838492    
   1.14900696      0.151056439       1.02859724    
   1.15000701      0.152085140       1.02880991    
   1.15100706      0.153114051       1.02902281    
   1.15200710      0.154143184       1.02923596    
   1.15300715      0.155172527       1.02944946    
   1.15400720      0.156202078       1.02966321    
   1.15500724      0.157231852       1.02987731    
   1.15600729      0.158261836       1.03009164    
   1.15700734      0.159292027       1.03030634    
   1.15800738      0.160322443       1.03052127    
   1.15900743      0.161353067       1.03073657    
   1.16000748      0.162383914       1.03095210    
   1.16100752      0.163414970       1.03116798    
   1.16200757      0.164446250       1.03138411    
   1.16300762      0.165477738       1.03160059    
   1.16400766      0.166509449       1.03181732    
   1.16500771      0.167541370       1.03203428    
   1.16600776      0.168573514       1.03225160    
   1.16700780      0.169605881       1.03246915    
   1.16800785      0.170638457       1.03268707    
   1.16900790      0.171671256       1.03290522    
   1.17000794      0.172704265       1.03312373    
   1.17100799      0.173737496       1.03334248    
   1.17200804      0.174770951       1.03356159    
   1.17300808      0.175804630       1.03378093    
   1.17400813      0.176838517       1.03400064    
   1.17500818      0.177872628       1.03422058    
   1.17600822      0.178906962       1.03444088    
   1.17700827      0.179941520       1.03466141    
   1.17800832      0.180976287       1.03488231    
   1.17900836      0.182011276       1.03510344    
   1.18000841      0.183046490       1.03532493    
   1.18100846      0.184081927       1.03554666    
   1.18200850      0.185117587       1.03576875    
   1.18300855      0.186153471       1.03599107    
   1.18400860      0.187189579       1.03621376    
   1.18500865      0.188225910       1.03643680    
   1.18600869      0.189262465       1.03666008    
   1.18700874      0.190299243       1.03688371    
   1.18800879      0.191336244       1.03710759    
   1.18900883      0.192373469       1.03733182    
   1.19000888      0.193410918       1.03755629    
   1.19100893      0.194448590       1.03778112    
   1.19200897      0.195486486       1.03800619    
   1.19300902      0.196524605       1.03823161    
   1.19400907      0.197562948       1.03845727    
   1.19500911      0.198601514       1.03868330    
   1.19600916      0.199640304       1.03890967    
   1.19700921      0.200679332       1.03913629    
   1.19800925      0.201718584       1.03936327    
   1.19900930      0.202758059       1.03959048    
   1.20000935      0.203797758       1.03981805    
   1.20100939      0.204837695       1.04004586    
   1.20200944      0.205877855       1.04027402    
   1.20300949      0.206918240       1.04050255    
   1.20400953      0.207958862       1.04073131    
   1.20500958      0.208999708       1.04096043    
   1.20600963      0.210040778       1.04118979    
   1.20700967      0.211082086       1.04141951    
   1.20800972      0.212123618       1.04164958    
   1.20900977      0.213165388       1.04187989    
   1.21000981      0.214207381       1.04211056    
   1.21100986      0.215249613       1.04234147    
   1.21200991      0.216292068       1.04257274    
   1.21300995      0.217334762       1.04280436    
   1.21401000      0.218377680       1.04303622    
   1.21501005      0.219420835       1.04326844    
   1.21601009      0.220464215       1.04350090    
   1.21701014      0.221507832       1.04373372    
   1.21801019      0.222551689       1.04396689    
   1.21901023      0.223595768       1.04420030    
   1.22001028      0.224640086       1.04443407    
   1.22101033      0.225684643       1.04466820    
   1.22201037      0.226729423       1.04490256    
   1.22301042      0.227774441       1.04513729    
   1.22401047      0.228819698       1.04537225    
   1.22501051      0.229865193       1.04560757    
   1.22601056      0.230910912       1.04584324    
   1.22701061      0.231956869       1.04607916    
   1.22801065      0.233003065       1.04631543    
   1.22901070      0.234049499       1.04655206    
   1.23001075      0.235096171       1.04678893    
   1.23101079      0.236143082       1.04702616    
   1.23201084      0.237190232       1.04726374    
   1.23301089      0.238237619       1.04750156    
   1.23401093      0.239285246       1.04773974    
   1.23501098      0.240333110       1.04797828    
   1.23601103      0.241381213       1.04821706    
   1.23701108      0.242429554       1.04845619    
   1.23801112      0.243478134       1.04869568    
   1.23901117      0.244526953       1.04893541    
   1.24001122      0.245576009       1.04917550    
   1.24101126      0.246625304       1.04941595    
   1.24201131      0.247674838       1.04965675    
   1.24301136      0.248724610       1.04989779    
   1.24401140      0.249774635       1.05013919    
   1.24501145      0.250824898       1.05038095    
   1.24601150      0.251875401       1.05062294    
   1.24701154      0.252926141       1.05086529    
   1.24801159      0.253977120       1.05110800    
   1.24901164      0.255028337       1.05135095    
   1.25001168      0.256079823       1.05159426    
   1.25101173      0.257131547       1.05183792    
   1.25201178      0.258183509       1.05208194    
   1.25301182      0.259235710       1.05232620    
   1.25401187      0.260288149       1.05257082    
   1.25501192      0.261340857       1.05281579    
   1.25601196      0.262393802       1.05306113    
   1.25701201      0.263446987       1.05330670    
   1.25801206      0.264500409       1.05355263    
   1.25901210      0.265554070       1.05379891    
   1.26001215      0.266608000       1.05404556    
   1.26101220      0.267662168       1.05429244    
   1.26201224      0.268716574       1.05453968    
   1.26301229      0.269771248       1.05478728    
   1.26401234      0.270826161       1.05503523    
   1.26501238      0.271881312       1.05528343    
   1.26601243      0.272936732       1.05553198    
   1.26701248      0.273992389       1.05578089    
   1.26801252      0.275048286       1.05603015    
   1.26901257      0.276104450       1.05627966    
   1.27001262      0.277160853       1.05652952    
   1.27101266      0.278217494       1.05677974    
   1.27201271      0.279274404       1.05703032    
   1.27301276      0.280331552       1.05728126    
   1.27401280      0.281388968       1.05753243    
   1.27501285      0.282446623       1.05778396    
   1.27601290      0.283504546       1.05803585    
   1.27701294      0.284562707       1.05828810    
   1.27801299      0.285621107       1.05854070    
   1.27901304      0.286679775       1.05879354    
   1.28001308      0.287738681       1.05904675    
   1.28101313      0.288797855       1.05930030    
   1.28201318      0.289857268       1.05955422    
   1.28301322      0.290916950       1.05980849    
   1.28401327      0.291976899       1.06006312    
   1.28501332      0.293037087       1.06031799    
   1.28601336      0.294097543       1.06057322    
   1.28701341      0.295158237       1.06082880    
   1.28801346      0.296219200       1.06108475    
   1.28901350      0.297280401       1.06134105    
   1.29001355      0.298341870       1.06159770    
   1.29101360      0.299403608       1.06185460    
   1.29201365      0.300465584       1.06211185    
   1.29301369      0.301527828       1.06236947    
   1.29401374      0.302590340       1.06262743    
   1.29501379      0.303653091       1.06288576    
   1.29601383      0.304716110       1.06314445    
   1.29701388      0.305779397       1.06340349    
   1.29801393      0.306842923       1.06366289    
   1.29901397      0.307906717       1.06392252    
   1.30001402      0.308970779       1.06418252    
   1.30101407      0.310035080       1.06444287    
   1.30201411      0.311099648       1.06470358    
   1.30301416      0.312164485       1.06496465    
   1.30401421      0.313229591       1.06522608    
   1.30501425      0.314294934       1.06548786    
   1.30601430      0.315360546       1.06575000    
   1.30701435      0.316426426       1.06601250    
   1.30801439      0.317492574       1.06627536    
   1.30901444      0.318558991       1.06653845    
   1.31001449      0.319625676       1.06680191    
   1.31101453      0.320692599       1.06706572    
   1.31201458      0.321759790       1.06732988    
   1.31301463      0.322827250       1.06759441    
   1.31401467      0.323894978       1.06785929    
   1.31501472      0.324962974       1.06812453    
   1.31601477      0.326031238       1.06839013    
   1.31701481      0.327099770       1.06865609    
   1.31801486      0.328168571       1.06892240    
   1.31901491      0.329237640       1.06918907    
   1.32001495      0.330306977       1.06945610    
   1.32101500      0.331376553       1.06972349    
   1.32201505      0.332446396       1.06999123    
   1.32301509      0.333516508       1.07025933    
   1.32401514      0.334586889       1.07052779    
   1.32501519      0.335657537       1.07079661    
   1.32601523      0.336728454       1.07106578    
   1.32701528      0.337799668       1.07133532    
   1.32801533      0.338871151       1.07160509    
   1.32901537      0.339942902       1.07187521    
   1.33001542      0.341014922       1.07214570    
   1.33101547      0.342087209       1.07241654    
   1.33201551      0.343159765       1.07268775    
   1.33301556      0.344232589       1.07295930    
   1.33401561      0.345305681       1.07323122    
   1.33501565      0.346379042       1.07350349    
   1.33601570      0.347452670       1.07377613    
   1.33701575      0.348526597       1.07404923    
   1.33801579      0.349600792       1.07432270    
   1.33901584      0.350675255       1.07459652    
   1.34001589      0.351749986       1.07487071    
   1.34101593      0.352824986       1.07514524    
   1.34201598      0.353900254       1.07542014    
   1.34301603      0.354975820       1.07569540    
   1.34401608      0.356051654       1.07597101    
   1.34501612      0.357127756       1.07624698    
   1.34601617      0.358204126       1.07652330    
   1.34701622      0.359280795       1.07679999    
   1.34801626      0.360357732       1.07707703    
   1.34901631      0.361434937       1.07735443    
   1.35001636      0.362512439       1.07763219    
   1.35101640      0.363590211       1.07791030    
   1.35201645      0.364668250       1.07818878    
   1.35301650      0.365746588       1.07846761    
   1.35401654      0.366825193       1.07874680    
   1.35501659      0.367904067       1.07902634    
   1.35601664      0.368983239       1.07930636    
   1.35701668      0.370062679       1.07958674    
   1.35801673      0.371142417       1.07986748    
   1.35901678      0.372222424       1.08014858    
   1.36001682      0.373302698       1.08043003    
   1.36101687      0.374383271       1.08071184    
   1.36201692      0.375464112       1.08099401    
   1.36301696      0.376545250       1.08127654    
   1.36401701      0.377626657       1.08155942    
   1.36501706      0.378708363       1.08184266    
   1.36601710      0.379790336       1.08212638    
   1.36701715      0.380872607       1.08241045    
   1.36801720      0.381955147       1.08269489    
   1.36901724      0.383037984       1.08297968    
   1.37001729      0.384121120       1.08326483    
   1.37101734      0.385204524       1.08355033    
   1.37201738      0.386288226       1.08383620    
   1.37301743      0.387372196       1.08412254    
   1.37401748      0.388456464       1.08440924    
   1.37501752      0.389541030       1.08469629    
   1.37601757      0.390625864       1.08498371    
   1.37701762      0.391710997       1.08527148    
   1.37801766      0.392796427       1.08555961    
   1.37901771      0.393882126       1.08584821    
   1.38001776      0.394968122       1.08613718    
   1.38101780      0.396054417       1.08642650    
   1.38201785      0.397140980       1.08671618    
   1.38301790      0.398227841       1.08700621    
   1.38401794      0.399315000       1.08729672    
   1.38501799      0.400402457       1.08758759    
   1.38601804      0.401490182       1.08787882    
   1.38701808      0.402578205       1.08817041    
   1.38801813      0.403666526       1.08846235    
   1.38901818      0.404755145       1.08875477    
   1.39001822      0.405844033       1.08904755    
   1.39101827      0.406933218       1.08934069    
   1.39201832      0.408022702       1.08963418    
   1.39301836      0.409112483       1.08992803    
   1.39401841      0.410202563       1.09022236    
   1.39501846      0.411292940       1.09051704    
   1.39601851      0.412383616       1.09081209    
   1.39701855      0.413474590       1.09110749    
   1.39801860      0.414565831       1.09140337    
   1.39901865      0.415657371       1.09169960    
   1.40001869      0.416749209       1.09199619    
   1.40101874      0.417841345       1.09229314    
   1.40201879      0.418933779       1.09259057    
   1.40301883      0.420026511       1.09288836    
   1.40401888      0.421119541       1.09318650    
   1.40501893      0.422212869       1.09348512    
   1.40601897      0.423306495       1.09378409    
   1.40701902      0.424400419       1.09408343    
   1.40801907      0.425494641       1.09438312    
   1.40901911      0.426589161       1.09468329    
   1.41001916      0.427684009       1.09498382    
   1.41101921      0.428779155       1.09528470    
   1.41201925      0.429874599       1.09558606    
   1.41301930      0.430970341       1.09588778    
   1.41401935      0.432066381       1.09618986    
   1.41501939      0.433162719       1.09649241    
   1.41601944      0.434259355       1.09679532    
   1.41701949      0.435356289       1.09709859    
   1.41801953      0.436453551       1.09740233    
   1.41901958      0.437551111       1.09770644    
   1.42001963      0.438648969       1.09801090    
   1.42101967      0.439747125       1.09831583    
   1.42201972      0.440845579       1.09862113    
   1.42301977      0.441944361       1.09892678    
   1.42401981      0.443043441       1.09923291    
   1.42501986      0.444142818       1.09953940    
   1.42601991      0.445242524       1.09984636    
   1.42701995      0.446342528       1.10015368    
   1.42802000      0.447442830       1.10046136    
   1.42902005      0.448543459       1.10076952    
   1.43002009      0.449644387       1.10107803    
   1.43102014      0.450745612       1.10138690    
   1.43202019      0.451847166       1.10169625    
   1.43302023      0.452949017       1.10200596    
   1.43402028      0.454051167       1.10231614    
   1.43502033      0.455153644       1.10262668    
   1.43602037      0.456256419       1.10293770    
   1.43702042      0.457359523       1.10324907    
   1.43802047      0.458462924       1.10356081    
   1.43902051      0.459566653       1.10387301    
   1.44002056      0.460670680       1.10418558    
   1.44102061      0.461775035       1.10449862    
   1.44202065      0.462879688       1.10481203    
   1.44302070      0.463984668       1.10512590    
   1.44402075      0.465089947       1.10544014    
   1.44502079      0.466195554       1.10575473    
   1.44602084      0.467301458       1.10606980    
   1.44702089      0.468407691       1.10638523    
   1.44802094      0.469514221       1.10670114    
   1.44902098      0.470621079       1.10701740    
   1.45002103      0.471728265       1.10733414    
   1.45102108      0.472835749       1.10765123    
   1.45202112      0.473943561       1.10796881    
   1.45302117      0.475051701       1.10828674    
   1.45402122      0.476160139       1.10860515    
   1.45502126      0.477268904       1.10892391    
   1.45602131      0.478377998       1.10924315    
   1.45702136      0.479487389       1.10956275    
   1.45802140      0.480597109       1.10988283    
   1.45902145      0.481707156       1.11020327    
   1.46002150      0.482817531       1.11052418    
   1.46102154      0.483928204       1.11084545    
   1.46202159      0.485039204       1.11116719    
   1.46302164      0.486150533       1.11148942    
   1.46402168      0.487262189       1.11181200    
   1.46502173      0.488374174       1.11213505    
   1.46602178      0.489486456       1.11245847    
   1.46702182      0.490599066       1.11278236    
   1.46802187      0.491712004       1.11310661    
   1.46902192      0.492825270       1.11343133    
   1.47002196      0.493938863       1.11375642    
   1.47102201      0.495052785       1.11408198    
   1.47202206      0.496167034       1.11440802    
   1.47302210      0.497281611       1.11473441    
   1.47402215      0.498396516       1.11506128    
   1.47502220      0.499511749       1.11538851    
   1.47602224      0.500627279       1.11571622    
   1.47702229      0.501743138       1.11604440    
   1.47802234      0.502859354       1.11637294    
   1.47902238      0.503975868       1.11670196    
   1.48002243      0.505092740       1.11703134    
   1.48102248      0.506209910       1.11736119    
   1.48202252      0.507327437       1.11769152    
   1.48302257      0.508445323       1.11802220    
   1.48402262      0.509563506       1.11835337    
   1.48502266      0.510682046       1.11868501    
   1.48602271      0.511800885       1.11901700    
   1.48702276      0.512920082       1.11934948    
   1.48802280      0.514039576       1.11968243    
   1.48902285      0.515159428       1.12001574    
   1.49002290      0.516279638       1.12034953    
   1.49102294      0.517400146       1.12068379    
   1.49202299      0.518521011       1.12101841    
   1.49302304      0.519642174       1.12135351    
   1.49402308      0.520763695       1.12168908    
   1.49502313      0.521885574       1.12202501    
   1.49602318      0.523007751       1.12236142    
   1.49702322      0.524130285       1.12269831    
   1.49802327      0.525253177       1.12303567    
   1.49902332      0.526376367       1.12337339    
   1.50002337      0.527499914       1.12371159    
   1.50102341      0.528623819       1.12405026    
   1.50202346      0.529748023       1.12438929    
   1.50302351      0.530872583       1.12472880    
   1.50402355      0.531997502       1.12506878    
   1.50502360      0.533122718       1.12540925    
   1.50602365      0.534248292       1.12575006    
   1.50702369      0.535374224       1.12609136    
   1.50802374      0.536500514       1.12643313    
   1.50902379      0.537627101       1.12677538    
   1.51002383      0.538754046       1.12711799    
   1.51102388      0.539881349       1.12746108    
   1.51202393      0.541009009       1.12780464    
   1.51302397      0.542136967       1.12814867    
   1.51402402      0.543265283       1.12849319    
   1.51502407      0.544393957       1.12883806    
   1.51602411      0.545522988       1.12918341    
   1.51702416      0.546652317       1.12952924    
   1.51802421      0.547782004       1.12987554    
   1.51902425      0.548912048       1.13022232    
   1.52002430      0.550042450       1.13056946    
   1.52102435      0.551173210       1.13091707    
   1.52202439      0.552304327       1.13126516    
   1.52302444      0.553435743       1.13161373    
   1.52402449      0.554567516       1.13196278    
   1.52502453      0.555699646       1.13231230    
   1.52602458      0.556832135       1.13266230    
   1.52702463      0.557964981       1.13301265    
   1.52802467      0.559098184       1.13336349    
   1.52902472      0.560231745       1.13371480    
   1.53002477      0.561365664       1.13406658    
   1.53102481      0.562499881       1.13441885    
   1.53202486      0.563634455       1.13477159    
   1.53302491      0.564769387       1.13512480    
   1.53402495      0.565904677       1.13547850    
   1.53502500      0.567040324       1.13583267    
   1.53602505      0.568176329       1.13618720    
   1.53702509      0.569312692       1.13654220    
   1.53802514      0.570449412       1.13689768    
   1.53902519      0.571586490       1.13725364    
   1.54002523      0.572723925       1.13761008    
   1.54102528      0.573861718       1.13796699    
   1.54202533      0.574999869       1.13832438    
   1.54302537      0.576138377       1.13868225    
   1.54402542      0.577277243       1.13904059    
   1.54502547      0.578416467       1.13939941    
   1.54602551      0.579556048       1.13975871    
   1.54702556      0.580695987       1.14011848    
   1.54802561      0.581836283       1.14047873    
   1.54902565      0.582976937       1.14083946    
   1.55002570      0.584117949       1.14120066    
   1.55102575      0.585259318       1.14156234    
   1.55202579      0.586401045       1.14192450    
   1.55302584      0.587543130       1.14228714    
   1.55402589      0.588685572       1.14265025    
   1.55502594      0.589828432       1.14301383    
   1.55602598      0.590971649       1.14337790    
   1.55702603      0.592115223       1.14374244    
   1.55802608      0.593259156       1.14410746    
   1.55902612      0.594403446       1.14447296    
   1.56002617      0.595548093       1.14483893    
   1.56102622      0.596693099       1.14520538    
   1.56202626      0.597838461       1.14557230    
   1.56302631      0.598984241       1.14593971    
   1.56402636      0.600130379       1.14630759    
   1.56502640      0.601276875       1.14667594    
   1.56602645      0.602423728       1.14704478    
   1.56702650      0.603570938       1.14741409    
   1.56802654      0.604718566       1.14778399    
   1.56902659      0.605866551       1.14815438    
   1.57002664      0.607014894       1.14852524    
   1.57102668      0.608163595       1.14889657    
   1.57202673      0.609312654       1.14926839    
   1.57302678      0.610462129       1.14964068    
   1.57402682      0.611611962       1.15001345    
   1.57502687      0.612762153       1.15038669    
   1.57602692      0.613912702       1.15076041    
   1.57702696      0.615063667       1.15113473    
   1.57802701      0.616214991       1.15150952    
   1.57902706      0.617366672       1.15188479    
   1.58002710      0.618518770       1.15226054    
   1.58102715      0.619671226       1.15263677    
   1.58202720      0.620824039       1.15301347    
   1.58302724      0.621977270       1.15339077    
   1.58402729      0.623130858       1.15376854    
   1.58502734      0.624284804       1.15414679    
   1.58602738      0.625439167       1.15452552    
   1.58702743      0.626593888       1.15490472    
   1.58802748      0.627748966       1.15528452    
   1.58902752      0.628904462       1.15566480    
   1.59002757      0.630060315       1.15604556    
   1.59102762      0.631216526       1.15642679    
   1.59202766      0.632373154       1.15680850    
   1.59302771      0.633530140       1.15719080    
   1.59402776      0.634687543       1.15757358    
   1.59502780      0.635845304       1.15795684    
   1.59602785      0.637003481       1.15834057    
   1.59702790      0.638162017       1.15872490    
   1.59802794      0.639320910       1.15910971    
   1.59902799      0.640480220       1.15949500    
   1.60002804      0.641639888       1.15988076    
   1.60102808      0.642799973       1.16026711    
   1.60202813      0.643960416       1.16065395    
   1.60302818      0.645121276       1.16104126    
   1.60402822      0.646282494       1.16142917    
   1.60502827      0.647444129       1.16181755    
   1.60602832      0.648606122       1.16220641    
   1.60702837      0.649768531       1.16259587    
   1.60802841      0.650931299       1.16298580    
   1.60902846      0.652094483       1.16337621    
   1.61002851      0.653258026       1.16376722    
   1.61102855      0.654421985       1.16415870    
   1.61202860      0.655586362       1.16455066    
   1.61302865      0.656751096       1.16494322    
   1.61402869      0.657916248       1.16533625    
   1.61502874      0.659081757       1.16572976    
   1.61602879      0.660247684       1.16612387    
   1.61702883      0.661414027       1.16651845    
   1.61802888      0.662580729       1.16691363    
   1.61902893      0.663747847       1.16730928    
   1.62002897      0.664915383       1.16770542    
   1.62102902      0.666083276       1.16810215    
   1.62202907      0.667251587       1.16849935    
   1.62302911      0.668420315       1.16889715    
   1.62402916      0.669589400       1.16929543    
   1.62502921      0.670758903       1.16969419    
   1.62602925      0.671928823       1.17009354    
   1.62702930      0.673099101       1.17049336    
   1.62802935      0.674269795       1.17089379    
   1.62902939      0.675440907       1.17129469    
   1.63002944      0.676612377       1.17169619    
   1.63102949      0.677784264       1.17209816    
   1.63202953      0.678956568       1.17250073    
   1.63302958      0.680129290       1.17290378    
   1.63402963      0.681302369       1.17330742    
   1.63502967      0.682475865       1.17371154    
   1.63602972      0.683649778       1.17411625    
   1.63702977      0.684824109       1.17452145    
   1.63802981      0.685998857       1.17492723    
   1.63902986      0.687173963       1.17533350    
   1.64002991      0.688349485       1.17574036    
   1.64102995      0.689525425       1.17614770    
   1.64203000      0.690701783       1.17655563    
   1.64303005      0.691878557       1.17696404    
   1.64403009      0.693055749       1.17737305    
   1.64503014      0.694233298       1.17778265    
   1.64603019      0.695411265       1.17819273    
   1.64703023      0.696589649       1.17860341    
   1.64803028      0.697768450       1.17901456    
   1.64903033      0.698947668       1.17942631    
   1.65003037      0.700127304       1.17983854    
   1.65103042      0.701307356       1.18025136    
   1.65203047      0.702487826       1.18066478    
   1.65303051      0.703668714       1.18107867    
   1.65403056      0.704850018       1.18149316    
   1.65503061      0.706031740       1.18190825    
   1.65603065      0.707213879       1.18232381    
   1.65703070      0.708396435       1.18273997    
   1.65803075      0.709579408       1.18315673    
   1.65903080      0.710762799       1.18357396    
   1.66003084      0.711946607       1.18399179    
   1.66103089      0.713130832       1.18441021    
   1.66203094      0.714315474       1.18482912    
   1.66303098      0.715500534       1.18524861    
   1.66403103      0.716686010       1.18566871    
   1.66503108      0.717871904       1.18608928    
   1.66603112      0.719058216       1.18651044    
   1.66703117      0.720244944       1.18693221    
   1.66803122      0.721432090       1.18735445    
   1.66903126      0.722619653       1.18777728    
   1.67003131      0.723807633       1.18820071    
   1.67103136      0.724996030       1.18862474    
   1.67203140      0.726184845       1.18904924    
   1.67303145      0.727374136       1.18947434    
   1.67403150      0.728563845       1.18990004    
   1.67503154      0.729753971       1.19032633    
   1.67603159      0.730944514       1.19075310    
   1.67703164      0.732135475       1.19118047    
   1.67803168      0.733326852       1.19160843    
   1.67903173      0.734518647       1.19203699    
   1.68003178      0.735710919       1.19246614    
   1.68103182      0.736903608       1.19289577    
   1.68203187      0.738096714       1.19332600    
   1.68303192      0.739290237       1.19375682    
   1.68403196      0.740484238       1.19418824    
   1.68503201      0.741678655       1.19462025    
   1.68603206      0.742873490       1.19505286    
   1.68703210      0.744068742       1.19548595    
   1.68803215      0.745264471       1.19591963    
   1.68903220      0.746460617       1.19635391    
   1.69003224      0.747657180       1.19678879    
   1.69103229      0.748854160       1.19722426    
   1.69203234      0.750051618       1.19766033    
   1.69303238      0.751249492       1.19809699    
   1.69403243      0.752447784       1.19853425    
   1.69503248      0.753646553       1.19897199    
   1.69603252      0.754845738       1.19941032    
   1.69703257      0.756045341       1.19984925    
   1.69803262      0.757245421       1.20028877    
   1.69903266      0.758445919       1.20072889    
   1.70003271      0.759646893       1.20116961    
   1.70103276      0.760848284       1.20161092    
   1.70203280      0.762050092       1.20205283    
   1.70303285      0.763252378       1.20249534    
   1.70403290      0.764455080       1.20293844    
   1.70503294      0.765658259       1.20338213    
   1.70603299      0.766861856       1.20382643    
   1.70703304      0.768065929       1.20427132    
   1.70803308      0.769270420       1.20471680    
   1.70903313      0.770475388       1.20516288    
   1.71003318      0.771680772       1.20560956    
   1.71103323      0.772886634       1.20605683    
   1.71203327      0.774092913       1.20650470    
   1.71303332      0.775299668       1.20695317    
   1.71403337      0.776506841       1.20740223    
   1.71503341      0.777714491       1.20785189    
   1.71603346      0.778922558       1.20830214    
   1.71703351      0.780131102       1.20875299    
   1.71803355      0.781340063       1.20920444    
   1.71903360      0.782549500       1.20965660    
   1.72003365      0.783759356       1.21010935    
   1.72103369      0.784969687       1.21056271    
   1.72203374      0.786180496       1.21101665    
   1.72303379      0.787391722       1.21147120    
   1.72403383      0.788603425       1.21192634    
   1.72503388      0.789815605       1.21238208    
   1.72603393      0.791028202       1.21283841    
   1.72703397      0.792241275       1.21329546    
   1.72803402      0.793454826       1.21375310    
   1.72903407      0.794668794       1.21421134    
   1.73003411      0.795883238       1.21467018    
   1.73103416      0.797098160       1.21512961    
   1.73203421      0.798313498       1.21558964    
   1.73303425      0.799529314       1.21605039    
   1.73403430      0.800745606       1.21651173    
   1.73503435      0.801962376       1.21697366    
   1.73603439      0.803179562       1.21743619    
   1.73703444      0.804397225       1.21789932    
   1.73803449      0.805615366       1.21836317    
   1.73903453      0.806833982       1.21882761    
   1.74003458      0.808053017       1.21929264    
   1.74103463      0.809272528       1.21975827    
   1.74203467      0.810492516       1.22022462    
   1.74303472      0.811712980       1.22069156    
   1.74403477      0.812933922       1.22115910    
   1.74503481      0.814155340       1.22162724    
   1.74603486      0.815377176       1.22209609    
   1.74703491      0.816599488       1.22256553    
   1.74803495      0.817822278       1.22303557    
   1.74903500      0.819045544       1.22350633    
   1.75003505      0.820269287       1.22397768    
   1.75103509      0.821493506       1.22444963    
   1.75203514      0.822718203       1.22492230    
   1.75303519      0.823943377       1.22539556    
   1.75403523      0.825169027       1.22586942    
   1.75503528      0.826395154       1.22634399    
   1.75603533      0.827621758       1.22681916    
   1.75703537      0.828848839       1.22729504    
   1.75803542      0.830076396       1.22777152    
   1.75903547      0.831304431       1.22824860    
   1.76003551      0.832532942       1.22872639    
   1.76103556      0.833761930       1.22920477    
   1.76203561      0.834991395       1.22968388    
   1.76303566      0.836221337       1.23016357    
   1.76403570      0.837451756       1.23064387    
   1.76503575      0.838682652       1.23112488    
   1.76603580      0.839914024       1.23160648    
   1.76703584      0.841145873       1.23208880    
   1.76803589      0.842378199       1.23257172    
   1.76903594      0.843611002       1.23305535    
   1.77003598      0.844844282       1.23353958    
   1.77103603      0.846078038       1.23402452    
   1.77203608      0.847312331       1.23451006    
   1.77303612      0.848547101       1.23499632    
   1.77403617      0.849782348       1.23548317    
   1.77503622      0.851018071       1.23597074    
   1.77603626      0.852254272       1.23645890    
   1.77703631      0.853490949       1.23694777    
   1.77803636      0.854728162       1.23743725    
   1.77903640      0.855965853       1.23792744    
   1.78003645      0.857204020       1.23841834    
   1.78103650      0.858442664       1.23890984    
   1.78203654      0.859681845       1.23940206    
   1.78303659      0.860921502       1.23989487    
   1.78403664      0.862161636       1.24038839    
   1.78503668      0.863402247       1.24088264    
   1.78603673      0.864643395       1.24137747    
   1.78703678      0.865885019       1.24187303    
   1.78803682      0.867127120       1.24236917    
   1.78903687      0.868369758       1.24286604    
   1.79003692      0.869612873       1.24336362    
   1.79103696      0.870856464       1.24386179    
   1.79203701      0.872100592       1.24436069    
   1.79303706      0.873345196       1.24486029    
   1.79403710      0.874590278       1.24536049    
   1.79503715      0.875835896       1.24586141    
   1.79603720      0.877081990       1.24636304    
   1.79703724      0.878328621       1.24686527    
   1.79803729      0.879575729       1.24736822    
   1.79903734      0.880823374       1.24787188    
   1.80003738      0.882071495       1.24837625    
   1.80103743      0.883320153       1.24888122    
   1.80203748      0.884569287       1.24938691    
   1.80303752      0.885818899       1.24989331    
   1.80403757      0.887069046       1.25040042    
   1.80503762      0.888319671       1.25090826    
   1.80603766      0.889570832       1.25141668    
   1.80703771      0.890822530       1.25192583    
   1.80803776      0.892074704       1.25243568    
   1.80903780      0.893327415       1.25294626    
   1.81003785      0.894580603       1.25345755    
   1.81103790      0.895834327       1.25396943    
   1.81203794      0.897088528       1.25448203    
   1.81303799      0.898343265       1.25499535    
   1.81403804      0.899598539       1.25550938    
   1.81503808      0.900854290       1.25602412    
   1.81603813      0.902110577       1.25653958    
   1.81703818      0.903367400       1.25705576    
   1.81803823      0.904624701       1.25757253    
   1.81903827      0.905882537       1.25809002    
   1.82003832      0.907140911       1.25860822    
   1.82103837      0.908399761       1.25912714    
   1.82203841      0.909659147       1.25964677    
   1.82303846      0.910919070       1.26016712    
   1.82403851      0.912179470       1.26068819    
   1.82503855      0.913440406       1.26120996    
   1.82603860      0.914701879       1.26173246    
   1.82703865      0.915963888       1.26225567    
   1.82803869      0.917226434       1.26277959    
   1.82903874      0.918489456       1.26330423    
   1.83003879      0.919753015       1.26382959    
   1.83103883      0.921017110       1.26435566    
   1.83203888      0.922281742       1.26488245    
   1.83303893      0.923546910       1.26540995    
   1.83403897      0.924812555       1.26593816    
   1.83503902      0.926078737       1.26646709    
   1.83603907      0.927345455       1.26699674    
   1.83703911      0.928612709       1.26752710    
   1.83803916      0.929880500       1.26805818    
   1.83903921      0.931148827       1.26858997    
   1.84003925      0.932417691       1.26912248    
   1.84103930      0.933687091       1.26965570    
   1.84203935      0.934957027       1.27018976    
   1.84303939      0.936227500       1.27072453    
   1.84403944      0.937498510       1.27126002    
   1.84503949      0.938770056       1.27179623    
   1.84603953      0.940042138       1.27233315    
   1.84703958      0.941314757       1.27287078    
   1.84803963      0.942587912       1.27340913    
   1.84903967      0.943861604       1.27394831    
   1.85003972      0.945135832       1.27448821    
   1.85103977      0.946410596       1.27502882    
   1.85203981      0.947685897       1.27557015    
   1.85303986      0.948961735       1.27611220    
   1.85403991      0.950238109       1.27665508    
   1.85503995      0.951515019       1.27719867    
   1.85604000      0.952792466       1.27774298    
   1.85704005      0.954070508       1.27828801    
   1.85804009      0.955349088       1.27883387    
   1.85904014      0.956628203       1.27938044    
   1.86004019      0.957907856       1.27992773    
   1.86104023      0.959188044       1.28047574    
   1.86204028      0.960468769       1.28102458    
   1.86304033      0.961750090       1.28157413    
   1.86404037      0.963031948       1.28212440    
   1.86504042      0.964314342       1.28267550    
   1.86604047      0.965597272       1.28322732    
   1.86704051      0.966880798       1.28377986    
   1.86804056      0.968164861       1.28433323    
   1.86904061      0.969449461       1.28488731    
   1.87004066      0.970734596       1.28544211    
   1.87104070      0.972020328       1.28599775    
   1.87204075      0.973306596       1.28655410    
   1.87304080      0.974593401       1.28711128    
   1.87404084      0.975880802       1.28766918    
   1.87504089      0.977168739       1.28822780    
   1.87604094      0.978457272       1.28878725    
   1.87704098      0.979746342       1.28934741    
   1.87804103      0.981035948       1.28990841    
   1.87904108      0.982326150       1.29047012    
   1.88004112      0.983616889       1.29103267    
   1.88104117      0.984908223       1.29159594    
   1.88204122      0.986200094       1.29216003    
   1.88304126      0.987492561       1.29272485    
   1.88404131      0.988785565       1.29329050    
   1.88504136      0.990079165       1.29385686    
   1.88604140      0.991373301       1.29442406    
   1.88704145      0.992668033       1.29499197    
   1.88804150      0.993963301       1.29556072    
   1.88904154      0.995259166       1.29613018    
   1.89004159      0.996555567       1.29670048    
   1.89104164      0.997852564       1.29727149    
   1.89204168      0.999150097       1.29784334    
   1.89304173       1.00044823       1.29841602    
   1.89404178       1.00174689       1.29898942    
   1.89504182       1.00304615       1.29956365    
   1.89604187       1.00434601       1.30013871    
   1.89704192       1.00564647       1.30071449    
   1.89804196       1.00694752       1.30129111    
   1.89904201       1.00824904       1.30186844    
   1.90004206       1.00955117       1.30244660    
   1.90104210       1.01085389       1.30302560    
   1.90204215       1.01215720       1.30360532    
   1.90304220       1.01346111       1.30418587    
   1.90404224       1.01476562       1.30476725    
   1.90504229       1.01607072       1.30534947    
   1.90604234       1.01737642       1.30593240    
   1.90704238       1.01868260       1.30651617    
   1.90804243       1.01998937       1.30710077    
   1.90904248       1.02129674       1.30768621    
   1.91004252       1.02260470       1.30827236    
   1.91104257       1.02391326       1.30885935    
   1.91204262       1.02522242       1.30944717    
   1.91304266       1.02653217       1.31003582    
   1.91404271       1.02784252       1.31062520    
   1.91504276       1.02915347       1.31121540    
   1.91604280       1.03046501       1.31180644    
   1.91704285       1.03177714       1.31239831    
   1.91804290       1.03308988       1.31299102    
   1.91904294       1.03440320       1.31358457    
   1.92004299       1.03571713       1.31417894    
   1.92104304       1.03703165       1.31477404    
   1.92204309       1.03834677       1.31536996    
   1.92304313       1.03966248       1.31596673    
   1.92404318       1.04097879       1.31656432    
   1.92504323       1.04229569       1.31716275    
   1.92604327       1.04361320       1.31776202    
   1.92704332       1.04493129       1.31836212    
   1.92804337       1.04624999       1.31896305    
   1.92904341       1.04756927       1.31956482    
   1.93004346       1.04888916       1.32016742    
   1.93104351       1.05020964       1.32077086    
   1.93204355       1.05153072       1.32137513    
   1.93304360       1.05285239       1.32198024    
   1.93404365       1.05417466       1.32258618    
   1.93504369       1.05549753       1.32319295    
   1.93604374       1.05682099       1.32380056    
   1.93704379       1.05814505       1.32440901    
   1.93804383       1.05946982       1.32501829    
   1.93904388       1.06079519       1.32562840    
   1.94004393       1.06212115       1.32623935    
   1.94104397       1.06344771       1.32685113    
   1.94204402       1.06477487       1.32746375    
   1.94304407       1.06610262       1.32807720    
   1.94404411       1.06743097       1.32869160    
   1.94504416       1.06875992       1.32930684    
   1.94604421       1.07008958       1.32992291    
   1.94704425       1.07141984       1.33053982    
   1.94804430       1.07275069       1.33115757    
   1.94904435       1.07408214       1.33177614    
   1.95004439       1.07541418       1.33239567    
   1.95104444       1.07674694       1.33301604    
   1.95204449       1.07808030       1.33363724    
   1.95304453       1.07941425       1.33425927    
   1.95404458       1.08074880       1.33488214    
   1.95504463       1.08208394       1.33550596    
   1.95604467       1.08341980       1.33613062    
   1.95704472       1.08475626       1.33675611    
   1.95804477       1.08609331       1.33738244    
   1.95904481       1.08743095       1.33800972    
   1.96004486       1.08876932       1.33863783    
   1.96104491       1.09010828       1.33926678    
   1.96204495       1.09144783       1.33989668    
   1.96304500       1.09278810       1.34052742    
   1.96404505       1.09412897       1.34115899    
   1.96504509       1.09547043       1.34179151    
   1.96604514       1.09681249       1.34242487    
   1.96704519       1.09815526       1.34305906    
   1.96804523       1.09949863       1.34369421    
   1.96904528       1.10084260       1.34433019    
   1.97004533       1.10218728       1.34496713    
   1.97104537       1.10353255       1.34560490    
   1.97204542       1.10487843       1.34624350    
   1.97304547       1.10622501       1.34688306    
   1.97404552       1.10757220       1.34752345    
   1.97504556       1.10892010       1.34816480    
   1.97604561       1.11026859       1.34880698    
   1.97704566       1.11161768       1.34945011    
   1.97804570       1.11296749       1.35009408    
   1.97904575       1.11431789       1.35073900    
   1.98004580       1.11566901       1.35138476    
   1.98104584       1.11702073       1.35203147    
   1.98204589       1.11837304       1.35267901    
   1.98304594       1.11972606       1.35332751    
   1.98404598       1.12107968       1.35397685    
   1.98504603       1.12243402       1.35462713    
   1.98604608       1.12378895       1.35527837    
   1.98704612       1.12514460       1.35593045    
   1.98804617       1.12650084       1.35658348    
   1.98904622       1.12785780       1.35723734    
   1.99004626       1.12921536       1.35789216    
   1.99104631       1.13057363       1.35854793    
   1.99204636       1.13193250       1.35920453    
   1.99304640       1.13329208       1.35986209    
   1.99404645       1.13465226       1.36052060    
   1.99504650       1.13601315       1.36117995    
   1.99604654       1.13737464       1.36184025    
   1.99704659       1.13873684       1.36250150    
   1.99804664       1.14009964       1.36316359    
   1.99904668       1.14146316       1.36382663    
   2.00004673       1.14282727       1.36449063    
   2.00104666       1.14419210       1.36515558    
   2.00204659       1.14555764       1.36582136    
   2.00304651       1.14692378       1.36648810    
   2.00404644       1.14829063       1.36715579    
   2.00504637       1.14965808       1.36782444    
   2.00604630       1.15102625       1.36849403    
   2.00704622       1.15239513       1.36916447    
   2.00804615       1.15376461       1.36983585    
   2.00904608       1.15513480       1.37050819    
   2.01004601       1.15650558       1.37118149    
   2.01104593       1.15787709       1.37185574    
   2.01204586       1.15924931       1.37253094    
   2.01304579       1.16062212       1.37320709    
   2.01404572       1.16199565       1.37388420    
   2.01504564       1.16336989       1.37456214    
   2.01604557       1.16474485       1.37524104    
   2.01704550       1.16612041       1.37592089    
   2.01804543       1.16749668       1.37660170    
   2.01904535       1.16887367       1.37728345    
   2.02004528       1.17025125       1.37796617    
   2.02104521       1.17162955       1.37864983    
   2.02204514       1.17300856       1.37933445    
   2.02304506       1.17438829       1.38002002    
   2.02404499       1.17576861       1.38070655    
   2.02504492       1.17714965       1.38139403    
   2.02604485       1.17853141       1.38208246    
   2.02704477       1.17991388       1.38277185    
   2.02804470       1.18129694       1.38346231    
   2.02904463       1.18268073       1.38415372    
   2.03004456       1.18406522       1.38484609    
   2.03104448       1.18545043       1.38553941    
   2.03204441       1.18683636       1.38623369    
   2.03304434       1.18822289       1.38692892    
   2.03404427       1.18961012       1.38762510    
   2.03504419       1.19099808       1.38832223    
   2.03604412       1.19238675       1.38902044    
   2.03704405       1.19377613       1.38971961    
   2.03804398       1.19516623       1.39041972    
   2.03904390       1.19655704       1.39112079    
   2.04004383       1.19794858       1.39182281    
   2.04104376       1.19934070       1.39252591    
   2.04204369       1.20073354       1.39322996    
   2.04304361       1.20212710       1.39393497    
   2.04404354       1.20352137       1.39464092    
   2.04504347       1.20491636       1.39534795    
   2.04604340       1.20631206       1.39605594    
   2.04704332       1.20770848       1.39676487    
   2.04804325       1.20910561       1.39747488    
   2.04904318       1.21050346       1.39818585    
   2.05004311       1.21190202       1.39889777    
   2.05104303       1.21330130       1.39961076    
   2.05204296       1.21470129       1.40032470    
   2.05304289       1.21610200       1.40103960    
   2.05404282       1.21750343       1.40175557    
   2.05504274       1.21890557       1.40247250    
   2.05604267       1.22030842       1.40319049    
   2.05704260       1.22171199       1.40390944    
   2.05804253       1.22311628       1.40462947    
   2.05904245       1.22452128       1.40535045    
   2.06004238       1.22592700       1.40607250    
   2.06104231       1.22733343       1.40679550    
   2.06204224       1.22874057       1.40751946    
   2.06304216       1.23014843       1.40824449    
   2.06404209       1.23155701       1.40897059    
   2.06504202       1.23296630       1.40969765    
   2.06604195       1.23437631       1.41042578    
   2.06704187       1.23578715       1.41115487    
   2.06804180       1.23719871       1.41188502    
   2.06904173       1.23861098       1.41261613    
   2.07004166       1.24002397       1.41334832    
   2.07104158       1.24143767       1.41408157    
   2.07204151       1.24285209       1.41481578    
   2.07304144       1.24426723       1.41555107    
   2.07404137       1.24568319       1.41628730    
   2.07504129       1.24709988       1.41702461    
   2.07604122       1.24851727       1.41776299    
   2.07704115       1.24993539       1.41850233    
   2.07804108       1.25135422       1.41924274    
   2.07904100       1.25277388       1.41998422    
   2.08004093       1.25419426       1.42072678    
   2.08104086       1.25561535       1.42147028    
   2.08204079       1.25703716       1.42221487    
   2.08304071       1.25845981       1.42296052    
   2.08404064       1.25988317       1.42370725    
   2.08504057       1.26130724       1.42445493    
   2.08604050       1.26273203       1.42520368    
   2.08704042       1.26415765       1.42595351    
   2.08804035       1.26558399       1.42670441    
   2.08904028       1.26701105       1.42745638    
   2.09004021       1.26843894       1.42820942    
   2.09104013       1.26986754       1.42896342    
   2.09204006       1.27129686       1.42971849    
   2.09303999       1.27272701       1.43047464    
   2.09403992       1.27415788       1.43123186    
   2.09503984       1.27558947       1.43199015    
   2.09603977       1.27702188       1.43274951    
   2.09703970       1.27845502       1.43350995    
   2.09803963       1.27988887       1.43427145    
   2.09903955       1.28132355       1.43503404    
   2.10003948       1.28275895       1.43579769    
   2.10103941       1.28419518       1.43656242    
   2.10203934       1.28563213       1.43732822    
   2.10303926       1.28706980       1.43809509    
   2.10403919       1.28850830       1.43886304    
   2.10503912       1.28994751       1.43963206    
   2.10603905       1.29138756       1.44040215    
   2.10703897       1.29282832       1.44117332    
   2.10803890       1.29426992       1.44194555    
   2.10903883       1.29571223       1.44271886    
   2.11003876       1.29715538       1.44349337    
   2.11103868       1.29859924       1.44426894    
   2.11203861       1.30004394       1.44504559    
   2.11303854       1.30148935       1.44582331    
   2.11403847       1.30293560       1.44660211    
   2.11503839       1.30438256       1.44738197    
   2.11603832       1.30583036       1.44816303    
   2.11703825       1.30727887       1.44894516    
   2.11803818       1.30872822       1.44972837    
   2.11903811       1.31017828       1.45051265    
   2.12003803       1.31162918       1.45129812    
   2.12103796       1.31308091       1.45208466    
   2.12203789       1.31453335       1.45287228    
   2.12303782       1.31598663       1.45366096    
   2.12403774       1.31744075       1.45445085    
   2.12503767       1.31889558       1.45524180    
   2.12603760       1.32035124       1.45603383    
   2.12703753       1.32180762       1.45682704    
   2.12803745       1.32326484       1.45762134    
   2.12903738       1.32472289       1.45841682    
   2.13003731       1.32618165       1.45921338    
   2.13103724       1.32764125       1.46001101    
   2.13203716       1.32910168       1.46080983    
   2.13303709       1.33056295       1.46160972    
   2.13403702       1.33202493       1.46241081    
   2.13503695       1.33348775       1.46321297    
   2.13603687       1.33495140       1.46401632    
   2.13703680       1.33641577       1.46482074    
   2.13803673       1.33788097       1.46562636    
   2.13903666       1.33934700       1.46643305    
   2.14003658       1.34081388       1.46724093    
   2.14103651       1.34228158       1.46804988    
   2.14203644       1.34375000       1.46886003    
   2.14303637       1.34521925       1.46967125    
   2.14403629       1.34668934       1.47048366    
   2.14503622       1.34816027       1.47129726    
   2.14603615       1.34963202       1.47211194    
   2.14703608       1.35110450       1.47292781    
   2.14803600       1.35257781       1.47374487    
   2.14903593       1.35405195       1.47456300    
   2.15003586       1.35552692       1.47538233    
   2.15103579       1.35700274       1.47620285    
   2.15203571       1.35847938       1.47702444    
   2.15303564       1.35995686       1.47784722    
   2.15403557       1.36143517       1.47867119    
   2.15503550       1.36291420       1.47949636    
   2.15603542       1.36439407       1.48032260    
   2.15703535       1.36587477       1.48115003    
   2.15803528       1.36735630       1.48197865    
   2.15903521       1.36883867       1.48280847    
   2.16003513       1.37032187       1.48363948    
   2.16103506       1.37180591       1.48447156    
   2.16203499       1.37329078       1.48530483    
   2.16303492       1.37477648       1.48613930    
   2.16403484       1.37626302       1.48697495    
   2.16503477       1.37775040       1.48781180    
   2.16603470       1.37923861       1.48864985    
   2.16703463       1.38072765       1.48948908    
   2.16803455       1.38221753       1.49032950    
   2.16903448       1.38370824       1.49117112    
   2.17003441       1.38519979       1.49201393    
   2.17103434       1.38669217       1.49285793    
   2.17203426       1.38818550       1.49370313    
   2.17303419       1.38967967       1.49454951    
   2.17403412       1.39117467       1.49539709    
   2.17503405       1.39267051       1.49624586    
   2.17603397       1.39416718       1.49709582    
   2.17703390       1.39566469       1.49794698    
   2.17803383       1.39716303       1.49879932    
   2.17903376       1.39866221       1.49965286    
   2.18003368       1.40016234       1.50050759    
   2.18103361       1.40166330       1.50136352    
   2.18203354       1.40316510       1.50222063    
   2.18303347       1.40466774       1.50307906    
   2.18403339       1.40617120       1.50393867    
   2.18503332       1.40767562       1.50479949    
   2.18603325       1.40918088       1.50566149    
   2.18703318       1.41068697       1.50652468    
   2.18803310       1.41219389       1.50738919    
   2.18903303       1.41370177       1.50825489    
   2.19003296       1.41521049       1.50912178    
   2.19103289       1.41672003       1.50998986    
   2.19203281       1.41823041       1.51085925    
   2.19303274       1.41974175       1.51172984    
   2.19403267       1.42125392       1.51260161    
   2.19503260       1.42276692       1.51347470    
   2.19603252       1.42428088       1.51434898    
   2.19703245       1.42579567       1.51522446    
   2.19803238       1.42731130       1.51610124    
   2.19903231       1.42882788       1.51697922    
   2.20003223       1.43034530       1.51785851    
