   1.00000005E-03   0.00000000       0.00000000    
   2.00000009E-03   0.00000000       0.00000000    
   3.00000003E-03   0.00000000       0.00000000    
   4.00000019E-03   0.00000000       0.00000000    
   5.00000035E-03   0.00000000       0.00000000    
   6.00000052E-03   0.00000000       0.00000000    
   7.00000068E-03   0.00000000       0.00000000    
   8.00000038E-03   0.00000000       0.00000000    
   9.00000054E-03   0.00000000       0.00000000    
   1.00000007E-02   0.00000000       0.00000000    
   1.10000009E-02   0.00000000       0.00000000    
   1.20000010E-02   0.00000000       0.00000000    
   1.30000012E-02   0.00000000       0.00000000    
   1.40000014E-02   0.00000000       0.00000000    
   1.50000015E-02   0.00000000       0.00000000    
   1.60000008E-02   0.00000000       0.00000000    
   1.70000009E-02   0.00000000       0.00000000    
   1.80000011E-02   0.00000000       0.00000000    
   1.90000013E-02   0.00000000       0.00000000    
   2.00000014E-02   0.00000000       0.00000000    
   2.10000016E-02   0.00000000       0.00000000    
   2.20000017E-02   0.00000000       0.00000000    
   2.30000019E-02   0.00000000       0.00000000    
   2.40000021E-02   0.00000000       0.00000000    
   2.50000022E-02   0.00000000       0.00000000    
   2.60000024E-02   0.00000000       0.00000000    
   2.70000026E-02   0.00000000       0.00000000    
   2.80000027E-02   0.00000000       0.00000000    
   2.90000029E-02   0.00000000       0.00000000    
   3.00000031E-02   0.00000000       0.00000000    
   3.10000032E-02   0.00000000       0.00000000    
   3.20000015E-02   0.00000000       0.00000000    
   3.29999998E-02   0.00000000       0.00000000    
   3.39999981E-02   0.00000000       0.00000000    
   3.49999964E-02   0.00000000       0.00000000    
   3.59999947E-02   0.00000000       0.00000000    
   3.69999930E-02   0.00000000       0.00000000    
   3.79999913E-02   0.00000000       0.00000000    
   3.89999896E-02   0.00000000       0.00000000    
   3.99999879E-02   0.00000000       0.00000000    
   4.09999862E-02   0.00000000       0.00000000    
   4.19999845E-02   0.00000000       0.00000000    
   4.29999828E-02   0.00000000       0.00000000    
   4.39999811E-02   0.00000000       0.00000000    
   4.49999794E-02   0.00000000       0.00000000    
   4.59999777E-02   0.00000000       0.00000000    
   4.69999760E-02   0.00000000       0.00000000    
   4.79999743E-02   0.00000000       0.00000000    
   4.89999726E-02   0.00000000       0.00000000    
   4.99999709E-02   0.00000000       0.00000000    
   5.09999692E-02   0.00000000       0.00000000    
   5.19999675E-02   0.00000000       0.00000000    
   5.29999658E-02   0.00000000       0.00000000    
   5.39999641E-02   0.00000000       0.00000000    
   5.49999624E-02   0.00000000       0.00000000    
   5.59999608E-02   0.00000000       0.00000000    
   5.69999591E-02   0.00000000       0.00000000    
   5.79999574E-02   0.00000000       0.00000000    
   5.89999557E-02   0.00000000       0.00000000    
   5.99999540E-02   0.00000000       0.00000000    
   6.09999523E-02   0.00000000       0.00000000    
   6.19999506E-02   0.00000000       0.00000000    
   6.29999489E-02   0.00000000       0.00000000    
   6.39999509E-02   0.00000000       0.00000000    
   6.49999529E-02   0.00000000       0.00000000    
   6.59999549E-02   0.00000000       0.00000000    
   6.69999570E-02   0.00000000       0.00000000    
   6.79999590E-02   0.00000000       0.00000000    
   6.89999610E-02   0.00000000       0.00000000    
   6.99999630E-02   0.00000000       0.00000000    
   7.09999651E-02   0.00000000       0.00000000    
   7.19999671E-02   0.00000000       0.00000000    
   7.29999691E-02   0.00000000       0.00000000    
   7.39999712E-02   0.00000000       0.00000000    
   7.49999732E-02   0.00000000       0.00000000    
   7.59999752E-02   0.00000000       0.00000000    
   7.69999772E-02   0.00000000       0.00000000    
   7.79999793E-02   0.00000000       0.00000000    
   7.89999813E-02   0.00000000       0.00000000    
   7.99999833E-02   0.00000000       0.00000000    
   8.09999853E-02   0.00000000       0.00000000    
   8.19999874E-02   0.00000000       0.00000000    
   8.29999894E-02   0.00000000       0.00000000    
   8.39999914E-02   0.00000000       0.00000000    
   8.49999934E-02   0.00000000       0.00000000    
   8.59999955E-02   0.00000000       0.00000000    
   8.69999975E-02   0.00000000       0.00000000    
   8.79999995E-02   0.00000000       0.00000000    
   8.90000015E-02   0.00000000       0.00000000    
   9.00000036E-02   0.00000000       0.00000000    
   9.10000056E-02   0.00000000       0.00000000    
   9.20000076E-02   0.00000000       0.00000000    
   9.30000097E-02   0.00000000       0.00000000    
   9.40000117E-02   0.00000000       0.00000000    
   9.50000137E-02   0.00000000       0.00000000    
   9.60000157E-02   0.00000000       0.00000000    
   9.70000178E-02   0.00000000       0.00000000    
   9.80000198E-02   0.00000000       0.00000000    
   9.90000218E-02   0.00000000       0.00000000    
  0.100000024       0.00000000       0.00000000    
  0.101000026       0.00000000       0.00000000    
  0.102000028       0.00000000       0.00000000    
  0.103000030       0.00000000       0.00000000    
  0.104000032       0.00000000       0.00000000    
  0.105000034       0.00000000       0.00000000    
  0.106000036       0.00000000       0.00000000    
  0.107000038       0.00000000       0.00000000    
  0.108000040       0.00000000       0.00000000    
  0.109000042       0.00000000       0.00000000    
  0.110000044       0.00000000       0.00000000    
  0.111000046       0.00000000       0.00000000    
  0.112000048       0.00000000       0.00000000    
  0.113000050       0.00000000       0.00000000    
  0.114000052       0.00000000       0.00000000    
  0.115000054       0.00000000       0.00000000    
  0.116000056       0.00000000       0.00000000    
  0.117000058       0.00000000       0.00000000    
  0.118000060       0.00000000       0.00000000    
  0.119000062       0.00000000       0.00000000    
  0.120000064       0.00000000       0.00000000    
  0.121000066       0.00000000       0.00000000    
  0.122000068       0.00000000       0.00000000    
  0.123000070       0.00000000       0.00000000    
  0.124000072       0.00000000       0.00000000    
  0.125000075       0.00000000       0.00000000    
  0.126000077       0.00000000       0.00000000    
  0.127000079       0.00000000       0.00000000    
  0.128000081       0.00000000       0.00000000    
  0.129000083       0.00000000       0.00000000    
  0.130000085       0.00000000       0.00000000    
  0.131000087       0.00000000       0.00000000    
  0.132000089       0.00000000       0.00000000    
  0.133000091       0.00000000       0.00000000    
  0.134000093       0.00000000       0.00000000    
  0.135000095       0.00000000       0.00000000    
  0.136000097       0.00000000       0.00000000    
  0.137000099       0.00000000       0.00000000    
  0.138000101       0.00000000       0.00000000    
  0.139000103       0.00000000       0.00000000    
  0.140000105       0.00000000       0.00000000    
  0.141000107       0.00000000       0.00000000    
  0.142000109       0.00000000       0.00000000    
  0.143000111       0.00000000       0.00000000    
  0.144000113       0.00000000       0.00000000    
  0.145000115       0.00000000       0.00000000    
  0.146000117       0.00000000       0.00000000    
  0.147000119       0.00000000       0.00000000    
  0.148000121       0.00000000       0.00000000    
  0.149000123       0.00000000       0.00000000    
  0.150000125       0.00000000       0.00000000    
  0.151000127       0.00000000       0.00000000    
  0.152000129       0.00000000       0.00000000    
  0.153000131       0.00000000       0.00000000    
  0.154000133       0.00000000       0.00000000    
  0.155000135       0.00000000       0.00000000    
  0.156000137       0.00000000       0.00000000    
  0.157000139       0.00000000       0.00000000    
  0.158000141       0.00000000       0.00000000    
  0.159000143       0.00000000       0.00000000    
  0.160000145       0.00000000       0.00000000    
  0.161000147       0.00000000       0.00000000    
  0.162000149       0.00000000       0.00000000    
  0.163000152       0.00000000       0.00000000    
  0.164000154       0.00000000       0.00000000    
  0.165000156       0.00000000       0.00000000    
  0.166000158       0.00000000       0.00000000    
  0.167000160       0.00000000       0.00000000    
  0.168000162       0.00000000       0.00000000    
  0.169000164       0.00000000       0.00000000    
  0.170000166       0.00000000       0.00000000    
  0.171000168       0.00000000       0.00000000    
  0.172000170       0.00000000       0.00000000    
  0.173000172       0.00000000       0.00000000    
  0.174000174       0.00000000       0.00000000    
  0.175000176       0.00000000       0.00000000    
  0.176000178       0.00000000       0.00000000    
  0.177000180       0.00000000       0.00000000    
  0.178000182       0.00000000       0.00000000    
  0.179000184       0.00000000       0.00000000    
  0.180000186       0.00000000       0.00000000    
  0.181000188       0.00000000       0.00000000    
  0.182000190       0.00000000       0.00000000    
  0.183000192       0.00000000       0.00000000    
  0.184000194       0.00000000       0.00000000    
  0.185000196       0.00000000       0.00000000    
  0.186000198       0.00000000       0.00000000    
  0.187000200       0.00000000       0.00000000    
  0.188000202       0.00000000       0.00000000    
  0.189000204       0.00000000       0.00000000    
  0.190000206       0.00000000       0.00000000    
  0.191000208       0.00000000       0.00000000    
  0.192000210       0.00000000       0.00000000    
  0.193000212       0.00000000       0.00000000    
  0.194000214       0.00000000       0.00000000    
  0.195000216       0.00000000       0.00000000    
  0.196000218       0.00000000       0.00000000    
  0.197000220       0.00000000       0.00000000    
  0.198000222       0.00000000       0.00000000    
  0.199000224       0.00000000       0.00000000    
  0.200000226       0.00000000       0.00000000    
  0.201000229       0.00000000       0.00000000    
  0.202000231       0.00000000       0.00000000    
  0.203000233       0.00000000       0.00000000    
  0.204000235       0.00000000       0.00000000    
  0.205000237       0.00000000       0.00000000    
  0.206000239       0.00000000       0.00000000    
  0.207000241       0.00000000       0.00000000    
  0.208000243       0.00000000       0.00000000    
  0.209000245       0.00000000       0.00000000    
  0.210000247       0.00000000       0.00000000    
  0.211000249       0.00000000       0.00000000    
  0.212000251       0.00000000       0.00000000    
  0.213000253       0.00000000       0.00000000    
  0.214000255       0.00000000       0.00000000    
  0.215000257       0.00000000       0.00000000    
  0.216000259       0.00000000       0.00000000    
  0.217000261       0.00000000       0.00000000    
  0.218000263       0.00000000       0.00000000    
  0.219000265       0.00000000       0.00000000    
  0.220000267       0.00000000       0.00000000    
  0.221000269       0.00000000       0.00000000    
  0.222000271       0.00000000       0.00000000    
  0.223000273       0.00000000       0.00000000    
  0.224000275       0.00000000       0.00000000    
  0.225000277       0.00000000       0.00000000    
  0.226000279       0.00000000       0.00000000    
  0.227000281       0.00000000       0.00000000    
  0.228000283       0.00000000       0.00000000    
  0.229000285       0.00000000       0.00000000    
  0.230000287       0.00000000       0.00000000    
  0.231000289       0.00000000       0.00000000    
  0.232000291       0.00000000       0.00000000    
  0.233000293       0.00000000       0.00000000    
  0.234000295       0.00000000       0.00000000    
  0.235000297       0.00000000       0.00000000    
  0.236000299       0.00000000       0.00000000    
  0.237000301       0.00000000       0.00000000    
  0.238000304       0.00000000       0.00000000    
  0.239000306       0.00000000       0.00000000    
  0.240000308       0.00000000       0.00000000    
  0.241000310       0.00000000       0.00000000    
  0.242000312       0.00000000       0.00000000    
  0.243000314       0.00000000       0.00000000    
  0.244000316       0.00000000       0.00000000    
  0.245000318       0.00000000       0.00000000    
  0.246000320       0.00000000       0.00000000    
  0.247000322       0.00000000       0.00000000    
  0.248000324       0.00000000       0.00000000    
  0.249000326       0.00000000       0.00000000    
  0.250000328       0.00000000       0.00000000    
  0.251000315       0.00000000       0.00000000    
  0.252000302       0.00000000       0.00000000    
  0.253000289       0.00000000       0.00000000    
  0.254000276       0.00000000       0.00000000    
  0.255000263       0.00000000       0.00000000    
  0.256000251       0.00000000       0.00000000    
  0.257000238       0.00000000       0.00000000    
  0.258000225       0.00000000       0.00000000    
  0.259000212       0.00000000       0.00000000    
  0.260000199       0.00000000       0.00000000    
  0.261000186       0.00000000       0.00000000    
  0.262000173       0.00000000       0.00000000    
  0.263000160       0.00000000       0.00000000    
  0.264000148       0.00000000       0.00000000    
  0.265000135       0.00000000       0.00000000    
  0.266000122       0.00000000       0.00000000    
  0.267000109       0.00000000       0.00000000    
  0.268000096       0.00000000       0.00000000    
  0.269000083       0.00000000       0.00000000    
  0.270000070       0.00000000       0.00000000    
  0.271000057       0.00000000       0.00000000    
  0.272000045       0.00000000       0.00000000    
  0.273000032       0.00000000       0.00000000    
  0.274000019       0.00000000       0.00000000    
  0.275000006       0.00000000       0.00000000    
  0.275999993       0.00000000       0.00000000    
  0.276999980       0.00000000       0.00000000    
  0.277999967       0.00000000       0.00000000    
  0.278999954       0.00000000       0.00000000    
  0.279999942       0.00000000       0.00000000    
  0.280999929       0.00000000       0.00000000    
  0.281999916       0.00000000       0.00000000    
  0.282999903       0.00000000       0.00000000    
  0.283999890       0.00000000       0.00000000    
  0.284999877       0.00000000       0.00000000    
  0.285999864       0.00000000       0.00000000    
  0.286999851       0.00000000       0.00000000    
  0.287999839       0.00000000       0.00000000    
  0.288999826       0.00000000       0.00000000    
  0.289999813       0.00000000       0.00000000    
  0.290999800       0.00000000       0.00000000    
  0.291999787       0.00000000       0.00000000    
  0.292999774       0.00000000       0.00000000    
  0.293999761       0.00000000       0.00000000    
  0.294999748       0.00000000       0.00000000    
  0.295999736       0.00000000       0.00000000    
  0.296999723       0.00000000       0.00000000    
  0.297999710       0.00000000       0.00000000    
  0.298999697       0.00000000       0.00000000    
  0.299999684       0.00000000       0.00000000    
  0.300999671       0.00000000       0.00000000    
  0.301999658       0.00000000       0.00000000    
  0.302999645       0.00000000       0.00000000    
  0.303999633       0.00000000       0.00000000    
  0.304999620       0.00000000       0.00000000    
  0.305999607       0.00000000       0.00000000    
  0.306999594       0.00000000       0.00000000    
  0.307999581       0.00000000       0.00000000    
  0.308999568       0.00000000       0.00000000    
  0.309999555       0.00000000       0.00000000    
  0.310999542       0.00000000       0.00000000    
  0.311999530       0.00000000       0.00000000    
  0.312999517       0.00000000       0.00000000    
  0.313999504       0.00000000       0.00000000    
  0.314999491       0.00000000       0.00000000    
  0.315999478       0.00000000       0.00000000    
  0.316999465       0.00000000       0.00000000    
  0.317999452       0.00000000       0.00000000    
  0.318999439       0.00000000       0.00000000    
  0.319999427       0.00000000       0.00000000    
  0.320999414       0.00000000       0.00000000    
  0.321999401       0.00000000       0.00000000    
  0.322999388       0.00000000       0.00000000    
  0.323999375       0.00000000       0.00000000    
  0.324999362       0.00000000       0.00000000    
  0.325999349       0.00000000       0.00000000    
  0.326999336       0.00000000       0.00000000    
  0.327999324       0.00000000       0.00000000    
  0.328999311       0.00000000       0.00000000    
  0.329999298       0.00000000       0.00000000    
  0.330999285       0.00000000       0.00000000    
  0.331999272       0.00000000       0.00000000    
  0.332999259       0.00000000       0.00000000    
  0.333999246       0.00000000       0.00000000    
  0.334999233       0.00000000       0.00000000    
  0.335999221       0.00000000       0.00000000    
  0.336999208       0.00000000       0.00000000    
  0.337999195       0.00000000       0.00000000    
  0.338999182       0.00000000       0.00000000    
  0.339999169       0.00000000       0.00000000    
  0.340999156       0.00000000       0.00000000    
  0.341999143       0.00000000       0.00000000    
  0.342999130       0.00000000       0.00000000    
  0.343999118       0.00000000       0.00000000    
  0.344999105       0.00000000       0.00000000    
  0.345999092       0.00000000       0.00000000    
  0.346999079       0.00000000       0.00000000    
  0.347999066       0.00000000       0.00000000    
  0.348999053       0.00000000       0.00000000    
  0.349999040       0.00000000       0.00000000    
  0.350999027       0.00000000       0.00000000    
  0.351999015       0.00000000       0.00000000    
  0.352999002       0.00000000       0.00000000    
  0.353998989       0.00000000       0.00000000    
  0.354998976       0.00000000       0.00000000    
  0.355998963       0.00000000       0.00000000    
  0.356998950       0.00000000       0.00000000    
  0.357998937       0.00000000       0.00000000    
  0.358998924       0.00000000       0.00000000    
  0.359998912       0.00000000       0.00000000    
  0.360998899       0.00000000       0.00000000    
  0.361998886       0.00000000       0.00000000    
  0.362998873       0.00000000       0.00000000    
  0.363998860       0.00000000       0.00000000    
  0.364998847       0.00000000       0.00000000    
  0.365998834       0.00000000       0.00000000    
  0.366998821       0.00000000       0.00000000    
  0.367998809       0.00000000       0.00000000    
  0.368998796       0.00000000       0.00000000    
  0.369998783       0.00000000       0.00000000    
  0.370998770       0.00000000       0.00000000    
  0.371998757       0.00000000       0.00000000    
  0.372998744       0.00000000       0.00000000    
  0.373998731       0.00000000       0.00000000    
  0.374998719       0.00000000       0.00000000    
  0.375998706       0.00000000       0.00000000    
  0.376998693       0.00000000       0.00000000    
  0.377998680       0.00000000       0.00000000    
  0.378998667       0.00000000       0.00000000    
  0.379998654       0.00000000       0.00000000    
  0.380998641       0.00000000       0.00000000    
  0.381998628       0.00000000       0.00000000    
  0.382998616       0.00000000       0.00000000    
  0.383998603       0.00000000       0.00000000    
  0.384998590       0.00000000       0.00000000    
  0.385998577       0.00000000       0.00000000    
  0.386998564       0.00000000       0.00000000    
  0.387998551       0.00000000       0.00000000    
  0.388998538       0.00000000       0.00000000    
  0.389998525       0.00000000       0.00000000    
  0.390998513       0.00000000       0.00000000    
  0.391998500       0.00000000       0.00000000    
  0.392998487       0.00000000       0.00000000    
  0.393998474       0.00000000       0.00000000    
  0.394998461       0.00000000       0.00000000    
  0.395998448       0.00000000       0.00000000    
  0.396998435       0.00000000       0.00000000    
  0.397998422       0.00000000       0.00000000    
  0.398998410       0.00000000       0.00000000    
  0.399998397       0.00000000       0.00000000    
  0.400998384       0.00000000       0.00000000    
  0.401998371       0.00000000       0.00000000    
  0.402998358       0.00000000       0.00000000    
  0.403998345       0.00000000       0.00000000    
  0.404998332       0.00000000       0.00000000    
  0.405998319       0.00000000       0.00000000    
  0.406998307       0.00000000       0.00000000    
  0.407998294       0.00000000       0.00000000    
  0.408998281       0.00000000       0.00000000    
  0.409998268       0.00000000       0.00000000    
  0.410998255       0.00000000       0.00000000    
  0.411998242       0.00000000       0.00000000    
  0.412998229       0.00000000       0.00000000    
  0.413998216       0.00000000       0.00000000    
  0.414998204       0.00000000       0.00000000    
  0.415998191       0.00000000       0.00000000    
  0.416998178       0.00000000       0.00000000    
  0.417998165       0.00000000       0.00000000    
  0.418998152       0.00000000       0.00000000    
  0.419998139       0.00000000       0.00000000    
  0.420998126       0.00000000       0.00000000    
  0.421998113       0.00000000       0.00000000    
  0.422998101       0.00000000       0.00000000    
  0.423998088       0.00000000       0.00000000    
  0.424998075       0.00000000       0.00000000    
  0.425998062       0.00000000       0.00000000    
  0.426998049       0.00000000       0.00000000    
  0.427998036       0.00000000       0.00000000    
  0.428998023       0.00000000       0.00000000    
  0.429998010       0.00000000       0.00000000    
  0.430997998       0.00000000       0.00000000    
  0.431997985       0.00000000       0.00000000    
  0.432997972       0.00000000       0.00000000    
  0.433997959       0.00000000       0.00000000    
  0.434997946       0.00000000       0.00000000    
  0.435997933       0.00000000       0.00000000    
  0.436997920       0.00000000       0.00000000    
  0.437997907       0.00000000       0.00000000    
  0.438997895       0.00000000       0.00000000    
  0.439997882       0.00000000       0.00000000    
  0.440997869       0.00000000       0.00000000    
  0.441997856       0.00000000       0.00000000    
  0.442997843       0.00000000       0.00000000    
  0.443997830       0.00000000       0.00000000    
  0.444997817       0.00000000       0.00000000    
  0.445997804       0.00000000       0.00000000    
  0.446997792       0.00000000       0.00000000    
  0.447997779       0.00000000       0.00000000    
  0.448997766       0.00000000       0.00000000    
  0.449997753       0.00000000       0.00000000    
  0.450997740       0.00000000       0.00000000    
  0.451997727       0.00000000       0.00000000    
  0.452997714       0.00000000       0.00000000    
  0.453997701       0.00000000       0.00000000    
  0.454997689       0.00000000       0.00000000    
  0.455997676       0.00000000       0.00000000    
  0.456997663       0.00000000       0.00000000    
  0.457997650       0.00000000       0.00000000    
  0.458997637       0.00000000       0.00000000    
  0.459997624       0.00000000       0.00000000    
  0.460997611       0.00000000       0.00000000    
  0.461997598       0.00000000       0.00000000    
  0.462997586       0.00000000       0.00000000    
  0.463997573       0.00000000       0.00000000    
  0.464997560       0.00000000       0.00000000    
  0.465997547       0.00000000       0.00000000    
  0.466997534       0.00000000       0.00000000    
  0.467997521       0.00000000       0.00000000    
  0.468997508       0.00000000       0.00000000    
  0.469997495       0.00000000       0.00000000    
  0.470997483       0.00000000       0.00000000    
  0.471997470       0.00000000       0.00000000    
  0.472997457       0.00000000       0.00000000    
  0.473997444       0.00000000       0.00000000    
  0.474997431       0.00000000       0.00000000    
  0.475997418       0.00000000       0.00000000    
  0.476997405       0.00000000       0.00000000    
  0.477997392       0.00000000       0.00000000    
  0.478997380       0.00000000       0.00000000    
  0.479997367       0.00000000       0.00000000    
  0.480997354       0.00000000       0.00000000    
  0.481997341       0.00000000       0.00000000    
  0.482997328       0.00000000       0.00000000    
  0.483997315       0.00000000       0.00000000    
  0.484997302       0.00000000       0.00000000    
  0.485997289       0.00000000       0.00000000    
  0.486997277       0.00000000       0.00000000    
  0.487997264       0.00000000       0.00000000    
  0.488997251       0.00000000       0.00000000    
  0.489997238       0.00000000       0.00000000    
  0.490997225       0.00000000       0.00000000    
  0.491997212       0.00000000       0.00000000    
  0.492997199       0.00000000       0.00000000    
  0.493997186       0.00000000       0.00000000    
  0.494997174       0.00000000       0.00000000    
  0.495997161       0.00000000       0.00000000    
  0.496997148       0.00000000       0.00000000    
  0.497997135       0.00000000       0.00000000    
  0.498997122       0.00000000       0.00000000    
  0.499997109       0.00000000       0.00000000    
  0.500997126       0.00000000       0.00000000    
  0.501997113       0.00000000       0.00000000    
  0.502997100       0.00000000       0.00000000    
  0.503997087       0.00000000       0.00000000    
  0.504997075       0.00000000       0.00000000    
  0.505997062       0.00000000       0.00000000    
  0.506997049       0.00000000       0.00000000    
  0.507997036       0.00000000       0.00000000    
  0.508997023       0.00000000       0.00000000    
  0.509997010       0.00000000       0.00000000    
  0.510996997       0.00000000       0.00000000    
  0.511996984       0.00000000       0.00000000    
  0.512996972       0.00000000       0.00000000    
  0.513996959       0.00000000       0.00000000    
  0.514996946       0.00000000       0.00000000    
  0.515996933       0.00000000       0.00000000    
  0.516996920       0.00000000       0.00000000    
  0.517996907       0.00000000       0.00000000    
  0.518996894       0.00000000       0.00000000    
  0.519996881       0.00000000       0.00000000    
  0.520996869       0.00000000       0.00000000    
  0.521996856       0.00000000       0.00000000    
  0.522996843       0.00000000       0.00000000    
  0.523996830       0.00000000       0.00000000    
  0.524996817       0.00000000       0.00000000    
  0.525996804       0.00000000       0.00000000    
  0.526996791       0.00000000       0.00000000    
  0.527996778       0.00000000       0.00000000    
  0.528996766       0.00000000       0.00000000    
  0.529996753       0.00000000       0.00000000    
  0.530996740       0.00000000       0.00000000    
  0.531996727       0.00000000       0.00000000    
  0.532996714       0.00000000       0.00000000    
  0.533996701       0.00000000       0.00000000    
  0.534996688       0.00000000       0.00000000    
  0.535996675       0.00000000       0.00000000    
  0.536996663       0.00000000       0.00000000    
  0.537996650       0.00000000       0.00000000    
  0.538996637       0.00000000       0.00000000    
  0.539996624       0.00000000       0.00000000    
  0.540996611       0.00000000       0.00000000    
  0.541996598       0.00000000       0.00000000    
  0.542996585       0.00000000       0.00000000    
  0.543996572       0.00000000       0.00000000    
  0.544996560       0.00000000       0.00000000    
  0.545996547       0.00000000       0.00000000    
  0.546996534       0.00000000       0.00000000    
  0.547996521       0.00000000       0.00000000    
  0.548996508       0.00000000       0.00000000    
  0.549996495       0.00000000       0.00000000    
  0.550996482       0.00000000       0.00000000    
  0.551996469       0.00000000       0.00000000    
  0.552996457       0.00000000       0.00000000    
  0.553996444       0.00000000       0.00000000    
  0.554996431       0.00000000       0.00000000    
  0.555996418       0.00000000       0.00000000    
  0.556996405       0.00000000       0.00000000    
  0.557996392       0.00000000       0.00000000    
  0.558996379       0.00000000       0.00000000    
  0.559996367       0.00000000       0.00000000    
  0.560996354       0.00000000       0.00000000    
  0.561996341       0.00000000       0.00000000    
  0.562996328       0.00000000       0.00000000    
  0.563996315       0.00000000       0.00000000    
  0.564996302       0.00000000       0.00000000    
  0.565996289       0.00000000       0.00000000    
  0.566996276       0.00000000       0.00000000    
  0.567996264       0.00000000       0.00000000    
  0.568996251       0.00000000       0.00000000    
  0.569996238       0.00000000       0.00000000    
  0.570996225       0.00000000       0.00000000    
  0.571996212       0.00000000       0.00000000    
  0.572996199       0.00000000       0.00000000    
  0.573996186       0.00000000       0.00000000    
  0.574996173       0.00000000       0.00000000    
  0.575996161       0.00000000       0.00000000    
  0.576996148       0.00000000       0.00000000    
  0.577996135       0.00000000       0.00000000    
  0.578996122       0.00000000       0.00000000    
  0.579996109       0.00000000       0.00000000    
  0.580996096       0.00000000       0.00000000    
  0.581996083       0.00000000       0.00000000    
  0.582996070       0.00000000       0.00000000    
  0.583996058       0.00000000       0.00000000    
  0.584996045       0.00000000       0.00000000    
  0.585996032       0.00000000       0.00000000    
  0.586996019       0.00000000       0.00000000    
  0.587996006       0.00000000       0.00000000    
  0.588995993       0.00000000       0.00000000    
  0.589995980       0.00000000       0.00000000    
  0.590995967       0.00000000       0.00000000    
  0.591995955       0.00000000       0.00000000    
  0.592995942       0.00000000       0.00000000    
  0.593995929       0.00000000       0.00000000    
  0.594995916       0.00000000       0.00000000    
  0.595995903       0.00000000       0.00000000    
  0.596995890       0.00000000       0.00000000    
  0.597995877       0.00000000       0.00000000    
  0.598995864       0.00000000       0.00000000    
  0.599995852       0.00000000       0.00000000    
  0.600995839       0.00000000       0.00000000    
  0.601995826       0.00000000       0.00000000    
  0.602995813       0.00000000       0.00000000    
  0.603995800       0.00000000       0.00000000    
  0.604995787       0.00000000       0.00000000    
  0.605995774       0.00000000       0.00000000    
  0.606995761       0.00000000       0.00000000    
  0.607995749       0.00000000       0.00000000    
  0.608995736       0.00000000       0.00000000    
  0.609995723       0.00000000       0.00000000    
  0.610995710       0.00000000       0.00000000    
  0.611995697       0.00000000       0.00000000    
  0.612995684       0.00000000       0.00000000    
  0.613995671       0.00000000       0.00000000    
  0.614995658       0.00000000       0.00000000    
  0.615995646       0.00000000       0.00000000    
  0.616995633       0.00000000       0.00000000    
  0.617995620       0.00000000       0.00000000    
  0.618995607       0.00000000       0.00000000    
  0.619995594       0.00000000       0.00000000    
  0.620995581       0.00000000       0.00000000    
  0.621995568       0.00000000       0.00000000    
  0.622995555       0.00000000       0.00000000    
  0.623995543       0.00000000       0.00000000    
  0.624995530       0.00000000       0.00000000    
  0.625995517       0.00000000       0.00000000    
  0.626995504       0.00000000       0.00000000    
  0.627995491       0.00000000       0.00000000    
  0.628995478       0.00000000       0.00000000    
  0.629995465       0.00000000       0.00000000    
  0.630995452       0.00000000       0.00000000    
  0.631995440       0.00000000       0.00000000    
  0.632995427       0.00000000       0.00000000    
  0.633995414       0.00000000       0.00000000    
  0.634995401       0.00000000       0.00000000    
  0.635995388       0.00000000       0.00000000    
  0.636995375       0.00000000       0.00000000    
  0.637995362       0.00000000       0.00000000    
  0.638995349       0.00000000       0.00000000    
  0.639995337       0.00000000       0.00000000    
  0.640995324       0.00000000       0.00000000    
  0.641995311       0.00000000       0.00000000    
  0.642995298       0.00000000       0.00000000    
  0.643995285       0.00000000       0.00000000    
  0.644995272       0.00000000       0.00000000    
  0.645995259       0.00000000       0.00000000    
  0.646995246       0.00000000       0.00000000    
  0.647995234       0.00000000       0.00000000    
  0.648995221       0.00000000       0.00000000    
  0.649995208       0.00000000       0.00000000    
  0.650995195       0.00000000       0.00000000    
  0.651995182       0.00000000       0.00000000    
  0.652995169       0.00000000       0.00000000    
  0.653995156       0.00000000       0.00000000    
  0.654995143       0.00000000       0.00000000    
  0.655995131       0.00000000       0.00000000    
  0.656995118       0.00000000       0.00000000    
  0.657995105       0.00000000       0.00000000    
  0.658995092       0.00000000       0.00000000    
  0.659995079       0.00000000       0.00000000    
  0.660995066       0.00000000       0.00000000    
  0.661995053       0.00000000       0.00000000    
  0.662995040       0.00000000       0.00000000    
  0.663995028       0.00000000       0.00000000    
  0.664995015       0.00000000       0.00000000    
  0.665995002       0.00000000       0.00000000    
  0.666994989       0.00000000       0.00000000    
  0.667994976       0.00000000       0.00000000    
  0.668994963       0.00000000       0.00000000    
  0.669994950       0.00000000       0.00000000    
  0.670994937       0.00000000       0.00000000    
  0.671994925       0.00000000       0.00000000    
  0.672994912       0.00000000       0.00000000    
  0.673994899       0.00000000       0.00000000    
  0.674994886       0.00000000       0.00000000    
  0.675994873       0.00000000       0.00000000    
  0.676994860       0.00000000       0.00000000    
  0.677994847       0.00000000       0.00000000    
  0.678994834       0.00000000       0.00000000    
  0.679994822       0.00000000       0.00000000    
  0.680994809       0.00000000       0.00000000    
  0.681994796       0.00000000       0.00000000    
  0.682994783       0.00000000       0.00000000    
  0.683994770       0.00000000       0.00000000    
  0.684994757       0.00000000       0.00000000    
  0.685994744       0.00000000       0.00000000    
  0.686994731       0.00000000       0.00000000    
  0.687994719       0.00000000       0.00000000    
  0.688994706       0.00000000       0.00000000    
  0.689994693       0.00000000       0.00000000    
  0.690994680       0.00000000       0.00000000    
  0.691994667       0.00000000       0.00000000    
  0.692994654       0.00000000       0.00000000    
  0.693994641       0.00000000       0.00000000    
  0.694994628       0.00000000       0.00000000    
  0.695994616       0.00000000       0.00000000    
  0.696994603       0.00000000       0.00000000    
  0.697994590       0.00000000       0.00000000    
  0.698994577       0.00000000       0.00000000    
  0.699994564       0.00000000       0.00000000    
  0.700994551       0.00000000       0.00000000    
  0.701994538       0.00000000       0.00000000    
  0.702994525       0.00000000       0.00000000    
  0.703994513       0.00000000       0.00000000    
  0.704994500       0.00000000       0.00000000    
  0.705994487       0.00000000       0.00000000    
  0.706994474       0.00000000       0.00000000    
  0.707994461       0.00000000       0.00000000    
  0.708994448       0.00000000       0.00000000    
  0.709994435       0.00000000       0.00000000    
  0.710994422       0.00000000       0.00000000    
  0.711994410       0.00000000       0.00000000    
  0.712994397       0.00000000       0.00000000    
  0.713994384       0.00000000       0.00000000    
  0.714994371       0.00000000       0.00000000    
  0.715994358       0.00000000       0.00000000    
  0.716994345       0.00000000       0.00000000    
  0.717994332       0.00000000       0.00000000    
  0.718994319       0.00000000       0.00000000    
  0.719994307       0.00000000       0.00000000    
  0.720994294       0.00000000       0.00000000    
  0.721994281       0.00000000       0.00000000    
  0.722994268       0.00000000       0.00000000    
  0.723994255       0.00000000       0.00000000    
  0.724994242       0.00000000       0.00000000    
  0.725994229       0.00000000       0.00000000    
  0.726994216       0.00000000       0.00000000    
  0.727994204       0.00000000       0.00000000    
  0.728994191       0.00000000       0.00000000    
  0.729994178       0.00000000       0.00000000    
  0.730994165       0.00000000       0.00000000    
  0.731994152       0.00000000       0.00000000    
  0.732994139       0.00000000       0.00000000    
  0.733994126       0.00000000       0.00000000    
  0.734994113       0.00000000       0.00000000    
  0.735994101       0.00000000       0.00000000    
  0.736994088       0.00000000       0.00000000    
  0.737994075       0.00000000       0.00000000    
  0.738994062       0.00000000       0.00000000    
  0.739994049       0.00000000       0.00000000    
  0.740994036       0.00000000       0.00000000    
  0.741994023       0.00000000       0.00000000    
  0.742994010       0.00000000       0.00000000    
  0.743993998       0.00000000       0.00000000    
  0.744993985       0.00000000       0.00000000    
  0.745993972       0.00000000       0.00000000    
  0.746993959       0.00000000       0.00000000    
  0.747993946       0.00000000       0.00000000    
  0.748993933       0.00000000       0.00000000    
  0.749993920       0.00000000       0.00000000    
  0.750993907       0.00000000       0.00000000    
  0.751993895       0.00000000       0.00000000    
  0.752993882       0.00000000       0.00000000    
  0.753993869       0.00000000       0.00000000    
  0.754993856       0.00000000       0.00000000    
  0.755993843       0.00000000       0.00000000    
  0.756993830       0.00000000       0.00000000    
  0.757993817       0.00000000       0.00000000    
  0.758993804       0.00000000       0.00000000    
  0.759993792       0.00000000       0.00000000    
  0.760993779       0.00000000       0.00000000    
  0.761993766       0.00000000       0.00000000    
  0.762993753       0.00000000       0.00000000    
  0.763993740       0.00000000       0.00000000    
  0.764993727       0.00000000       0.00000000    
  0.765993714       0.00000000       0.00000000    
  0.766993701       0.00000000       0.00000000    
  0.767993689       0.00000000       0.00000000    
  0.768993676       0.00000000       0.00000000    
  0.769993663       0.00000000       0.00000000    
  0.770993650       0.00000000       0.00000000    
  0.771993637       0.00000000       0.00000000    
  0.772993624       0.00000000       0.00000000    
  0.773993611       0.00000000       0.00000000    
  0.774993598       0.00000000       0.00000000    
  0.775993586       0.00000000       0.00000000    
  0.776993573       0.00000000       0.00000000    
  0.777993560       0.00000000       0.00000000    
  0.778993547       0.00000000       0.00000000    
  0.779993534       0.00000000       0.00000000    
  0.780993521       0.00000000       0.00000000    
  0.781993508       0.00000000       0.00000000    
  0.782993495       0.00000000       0.00000000    
  0.783993483       0.00000000       0.00000000    
  0.784993470       0.00000000       0.00000000    
  0.785993457       0.00000000       0.00000000    
  0.786993444       0.00000000       0.00000000    
  0.787993431       0.00000000       0.00000000    
  0.788993418       0.00000000       0.00000000    
  0.789993405       0.00000000       0.00000000    
  0.790993392       0.00000000       0.00000000    
  0.791993380       0.00000000       0.00000000    
  0.792993367       0.00000000       0.00000000    
  0.793993354       0.00000000       0.00000000    
  0.794993341       0.00000000       0.00000000    
  0.795993328       0.00000000       0.00000000    
  0.796993315       0.00000000       0.00000000    
  0.797993302       0.00000000       0.00000000    
  0.798993289       0.00000000       0.00000000    
  0.799993277       0.00000000       0.00000000    
  0.800993264       0.00000000       0.00000000    
  0.801993251       0.00000000       0.00000000    
  0.802993238       0.00000000       0.00000000    
  0.803993225       0.00000000       0.00000000    
  0.804993212       0.00000000       0.00000000    
  0.805993199       0.00000000       0.00000000    
  0.806993186       0.00000000       0.00000000    
  0.807993174       0.00000000       0.00000000    
  0.808993161       0.00000000       0.00000000    
  0.809993148       0.00000000       0.00000000    
  0.810993135       0.00000000       0.00000000    
  0.811993122       0.00000000       0.00000000    
  0.812993109       0.00000000       0.00000000    
  0.813993096       0.00000000       0.00000000    
  0.814993083       0.00000000       0.00000000    
  0.815993071       0.00000000       0.00000000    
  0.816993058       0.00000000       0.00000000    
  0.817993045       0.00000000       0.00000000    
  0.818993032       0.00000000       0.00000000    
  0.819993019       0.00000000       0.00000000    
  0.820993006       0.00000000       0.00000000    
  0.821992993       0.00000000       0.00000000    
  0.822992980       0.00000000       0.00000000    
  0.823992968       0.00000000       0.00000000    
  0.824992955       0.00000000       0.00000000    
  0.825992942       0.00000000       0.00000000    
  0.826992929       0.00000000       0.00000000    
  0.827992916       0.00000000       0.00000000    
  0.828992903       0.00000000       0.00000000    
  0.829992890       0.00000000       0.00000000    
  0.830992877       0.00000000       0.00000000    
  0.831992865       0.00000000       0.00000000    
  0.832992852       0.00000000       0.00000000    
  0.833992839       0.00000000       0.00000000    
  0.834992826       0.00000000       0.00000000    
  0.835992813       0.00000000       0.00000000    
  0.836992800       0.00000000       0.00000000    
  0.837992787       0.00000000       0.00000000    
  0.838992774       0.00000000       0.00000000    
  0.839992762       0.00000000       0.00000000    
  0.840992749       0.00000000       0.00000000    
  0.841992736       0.00000000       0.00000000    
  0.842992723       0.00000000       0.00000000    
  0.843992710       0.00000000       0.00000000    
  0.844992697       0.00000000       0.00000000    
  0.845992684       0.00000000       0.00000000    
  0.846992671       0.00000000       0.00000000    
  0.847992659       0.00000000       0.00000000    
  0.848992646       0.00000000       0.00000000    
  0.849992633       0.00000000       0.00000000    
  0.850992620       0.00000000       0.00000000    
  0.851992607       0.00000000       0.00000000    
  0.852992594       0.00000000       0.00000000    
  0.853992581       0.00000000       0.00000000    
  0.854992568       0.00000000       0.00000000    
  0.855992556       0.00000000       0.00000000    
  0.856992543       0.00000000       0.00000000    
  0.857992530       0.00000000       0.00000000    
  0.858992517       0.00000000       0.00000000    
  0.859992504       0.00000000       0.00000000    
  0.860992491       0.00000000       0.00000000    
  0.861992478       0.00000000       0.00000000    
  0.862992465       0.00000000       0.00000000    
  0.863992453       0.00000000       0.00000000    
  0.864992440       0.00000000       0.00000000    
  0.865992427       0.00000000       0.00000000    
  0.866992414       0.00000000       0.00000000    
  0.867992401       0.00000000       0.00000000    
  0.868992388       0.00000000       0.00000000    
  0.869992375       0.00000000       0.00000000    
  0.870992362       0.00000000       0.00000000    
  0.871992350       0.00000000       0.00000000    
  0.872992337       0.00000000       0.00000000    
  0.873992324       0.00000000       0.00000000    
  0.874992311       0.00000000       0.00000000    
  0.875992298       0.00000000       0.00000000    
  0.876992285       0.00000000       0.00000000    
  0.877992272       0.00000000       0.00000000    
  0.878992260       0.00000000       0.00000000    
  0.879992247       0.00000000       0.00000000    
  0.880992234       0.00000000       0.00000000    
  0.881992221       0.00000000       0.00000000    
  0.882992208       0.00000000       0.00000000    
  0.883992195       0.00000000       0.00000000    
  0.884992182       0.00000000       0.00000000    
  0.885992169       0.00000000       0.00000000    
  0.886992157       0.00000000       0.00000000    
  0.887992144       0.00000000       0.00000000    
  0.888992131       0.00000000       0.00000000    
  0.889992118       0.00000000       0.00000000    
  0.890992105       0.00000000       0.00000000    
  0.891992092       0.00000000       0.00000000    
  0.892992079       0.00000000       0.00000000    
  0.893992066       0.00000000       0.00000000    
  0.894992054       0.00000000       0.00000000    
  0.895992041       0.00000000       0.00000000    
  0.896992028       0.00000000       0.00000000    
  0.897992015       0.00000000       0.00000000    
  0.898992002       0.00000000       0.00000000    
  0.899991989       0.00000000       0.00000000    
  0.900991976       0.00000000       0.00000000    
  0.901991963       0.00000000       0.00000000    
  0.902991951       0.00000000       0.00000000    
  0.903991938       0.00000000       0.00000000    
  0.904991925       0.00000000       0.00000000    
  0.905991912       0.00000000       0.00000000    
  0.906991899       0.00000000       0.00000000    
  0.907991886       0.00000000       0.00000000    
  0.908991873       0.00000000       0.00000000    
  0.909991860       0.00000000       0.00000000    
  0.910991848       0.00000000       0.00000000    
  0.911991835       0.00000000       0.00000000    
  0.912991822       0.00000000       0.00000000    
  0.913991809       0.00000000       0.00000000    
  0.914991796       0.00000000       0.00000000    
  0.915991783       0.00000000       0.00000000    
  0.916991770       0.00000000       0.00000000    
  0.917991757       0.00000000       0.00000000    
  0.918991745       0.00000000       0.00000000    
  0.919991732       0.00000000       0.00000000    
  0.920991719       0.00000000       0.00000000    
  0.921991706       0.00000000       0.00000000    
  0.922991693       0.00000000       0.00000000    
  0.923991680       0.00000000       0.00000000    
  0.924991667       0.00000000       0.00000000    
  0.925991654       0.00000000       0.00000000    
  0.926991642       0.00000000       0.00000000    
  0.927991629       0.00000000       0.00000000    
  0.928991616       0.00000000       0.00000000    
  0.929991603       0.00000000       0.00000000    
  0.930991590       0.00000000       0.00000000    
  0.931991577       0.00000000       0.00000000    
  0.932991564       0.00000000       0.00000000    
  0.933991551       0.00000000       0.00000000    
  0.934991539       0.00000000       0.00000000    
  0.935991526       0.00000000       0.00000000    
  0.936991513       0.00000000       0.00000000    
  0.937991500       0.00000000       0.00000000    
  0.938991487       0.00000000       0.00000000    
  0.939991474       0.00000000       0.00000000    
  0.940991461       0.00000000       0.00000000    
  0.941991448       0.00000000       0.00000000    
  0.942991436       0.00000000       0.00000000    
  0.943991423       0.00000000       0.00000000    
  0.944991410       0.00000000       0.00000000    
  0.945991397       0.00000000       0.00000000    
  0.946991384       0.00000000       0.00000000    
  0.947991371       0.00000000       0.00000000    
  0.948991358       0.00000000       0.00000000    
  0.949991345       0.00000000       0.00000000    
  0.950991333       0.00000000       0.00000000    
  0.951991320       0.00000000       0.00000000    
  0.952991307       0.00000000       0.00000000    
  0.953991294       0.00000000       0.00000000    
  0.954991281       0.00000000       0.00000000    
  0.955991268       0.00000000       0.00000000    
  0.956991255       0.00000000       0.00000000    
  0.957991242       0.00000000       0.00000000    
  0.958991230       0.00000000       0.00000000    
  0.959991217       0.00000000       0.00000000    
  0.960991204       0.00000000       0.00000000    
  0.961991191       0.00000000       0.00000000    
  0.962991178       0.00000000       0.00000000    
  0.963991165       0.00000000       0.00000000    
  0.964991152       0.00000000       0.00000000    
  0.965991139       0.00000000       0.00000000    
  0.966991127       0.00000000       0.00000000    
  0.967991114       0.00000000       0.00000000    
  0.968991101       0.00000000       0.00000000    
  0.969991088       0.00000000       0.00000000    
  0.970991075       0.00000000       0.00000000    
  0.971991062       0.00000000       0.00000000    
  0.972991049       0.00000000       0.00000000    
  0.973991036       0.00000000       0.00000000    
  0.974991024       0.00000000       0.00000000    
  0.975991011       0.00000000       0.00000000    
  0.976990998       0.00000000       0.00000000    
  0.977990985       0.00000000       0.00000000    
  0.978990972       0.00000000       0.00000000    
  0.979990959       0.00000000       0.00000000    
  0.980990946       0.00000000       0.00000000    
  0.981990933       0.00000000       0.00000000    
  0.982990921       0.00000000       0.00000000    
  0.983990908       0.00000000       0.00000000    
  0.984990895       0.00000000       0.00000000    
  0.985990882       0.00000000       0.00000000    
  0.986990869       0.00000000       0.00000000    
  0.987990856       0.00000000       0.00000000    
  0.988990843       0.00000000       0.00000000    
  0.989990830       0.00000000       0.00000000    
  0.990990818       0.00000000       0.00000000    
  0.991990805       0.00000000       0.00000000    
  0.992990792       0.00000000       0.00000000    
  0.993990779       0.00000000       0.00000000    
  0.994990766       0.00000000       0.00000000    
  0.995990753       0.00000000       0.00000000    
  0.996990740       0.00000000       0.00000000    
  0.997990727       0.00000000       0.00000000    
  0.998990715       0.00000000       0.00000000    
  0.999990702       0.00000000       0.00000000    
   1.00099075       0.00000000       0.00000000    
   1.00199080       0.00000000       0.00000000    
   1.00299084       0.00000000       0.00000000    
   1.00399089       0.00000000       0.00000000    
   1.00499094       0.00000000       0.00000000    
   1.00599098       0.00000000       0.00000000    
   1.00699103       0.00000000       0.00000000    
   1.00799108       0.00000000       0.00000000    
   1.00899112       0.00000000       0.00000000    
   1.00999117       0.00000000       0.00000000    
   1.01099122       0.00000000       0.00000000    
   1.01199126       0.00000000       0.00000000    
   1.01299131       0.00000000       0.00000000    
   1.01399136       0.00000000       0.00000000    
   1.01499140       0.00000000       0.00000000    
   1.01599145       0.00000000       0.00000000    
   1.01699150       0.00000000       0.00000000    
   1.01799154       0.00000000       0.00000000    
   1.01899159       0.00000000       0.00000000    
   1.01999164       0.00000000       0.00000000    
   1.02099168       0.00000000       0.00000000    
   1.02199173       0.00000000       0.00000000    
   1.02299178       0.00000000       0.00000000    
   1.02399182       0.00000000       0.00000000    
   1.02499187       0.00000000       0.00000000    
   1.02599192       0.00000000       0.00000000    
   1.02699196       0.00000000       0.00000000    
   1.02799201       0.00000000       0.00000000    
   1.02899206       0.00000000       0.00000000    
   1.02999210       0.00000000       0.00000000    
   1.03099215       0.00000000       0.00000000    
   1.03199220       0.00000000       0.00000000    
   1.03299224       0.00000000       0.00000000    
   1.03399229       0.00000000       0.00000000    
   1.03499234       0.00000000       0.00000000    
   1.03599238       0.00000000       0.00000000    
   1.03699243       0.00000000       0.00000000    
   1.03799248       0.00000000       0.00000000    
   1.03899252       0.00000000       0.00000000    
   1.03999257       0.00000000       0.00000000    
   1.04099262       0.00000000       0.00000000    
   1.04199266       0.00000000       0.00000000    
   1.04299271       0.00000000       0.00000000    
   1.04399276       0.00000000       0.00000000    
   1.04499280       0.00000000       0.00000000    
   1.04599285       0.00000000       0.00000000    
   1.04699290       0.00000000       0.00000000    
   1.04799294       0.00000000       0.00000000    
   1.04899299       0.00000000       0.00000000    
   1.04999304       0.00000000       0.00000000    
   1.05099308       0.00000000       0.00000000    
   1.05199313       0.00000000       0.00000000    
   1.05299318       0.00000000       0.00000000    
   1.05399323       0.00000000       0.00000000    
   1.05499327       0.00000000       0.00000000    
   1.05599332       0.00000000       0.00000000    
   1.05699337       0.00000000       0.00000000    
   1.05799341       0.00000000       0.00000000    
   1.05899346       0.00000000       0.00000000    
   1.05999351       0.00000000       0.00000000    
   1.06099355       0.00000000       0.00000000    
   1.06199360       0.00000000       0.00000000    
   1.06299365       0.00000000       0.00000000    
   1.06399369       0.00000000       0.00000000    
   1.06499374       0.00000000       0.00000000    
   1.06599379       0.00000000       0.00000000    
   1.06699383       0.00000000       0.00000000    
   1.06799388       0.00000000       0.00000000    
   1.06899393       0.00000000       0.00000000    
   1.06999397       0.00000000       0.00000000    
   1.07099402       0.00000000       0.00000000    
   1.07199407       0.00000000       0.00000000    
   1.07299411       0.00000000       0.00000000    
   1.07399416       0.00000000       0.00000000    
   1.07499421       0.00000000       0.00000000    
   1.07599425       0.00000000       0.00000000    
   1.07699430       0.00000000       0.00000000    
   1.07799435       0.00000000       0.00000000    
   1.07899439       0.00000000       0.00000000    
   1.07999444       0.00000000       0.00000000    
   1.08099449       0.00000000       0.00000000    
   1.08199453       0.00000000       0.00000000    
   1.08299458       0.00000000       0.00000000    
   1.08399463       0.00000000       0.00000000    
   1.08499467       0.00000000       0.00000000    
   1.08599472       0.00000000       0.00000000    
   1.08699477       0.00000000       0.00000000    
   1.08799481       0.00000000       0.00000000    
   1.08899486       0.00000000       0.00000000    
   1.08999491       0.00000000       0.00000000    
   1.09099495       0.00000000       0.00000000    
   1.09199500       0.00000000       0.00000000    
   1.09299505       0.00000000       0.00000000    
   1.09399509       0.00000000       0.00000000    
   1.09499514       0.00000000       0.00000000    
   1.09599519       0.00000000       0.00000000    
   1.09699523       0.00000000       0.00000000    
   1.09799528       0.00000000       0.00000000    
   1.09899533       0.00000000       0.00000000    
   1.09999537       0.00000000       0.00000000    
   1.10099542       0.00000000       0.00000000    
   1.10199547       0.00000000       0.00000000    
   1.10299551       0.00000000       0.00000000    
   1.10399556       0.00000000       0.00000000    
   1.10499561       0.00000000       0.00000000    
   1.10599566       0.00000000       0.00000000    
   1.10699570       0.00000000       0.00000000    
   1.10799575       0.00000000       0.00000000    
   1.10899580       0.00000000       0.00000000    
   1.10999584       0.00000000       0.00000000    
   1.11099589       0.00000000       0.00000000    
   1.11199594       0.00000000       0.00000000    
   1.11299598       0.00000000       0.00000000    
   1.11399603       0.00000000       0.00000000    
   1.11499608       0.00000000       0.00000000    
   1.11599612       0.00000000       0.00000000    
   1.11699617       0.00000000       0.00000000    
   1.11799622       0.00000000       0.00000000    
   1.11899626       0.00000000       0.00000000    
   1.11999631       0.00000000       0.00000000    
   1.12099636       0.00000000       0.00000000    
   1.12199640       0.00000000       0.00000000    
   1.12299645       0.00000000       0.00000000    
   1.12399650       0.00000000       0.00000000    
   1.12499654       0.00000000       0.00000000    
   1.12599659       0.00000000       0.00000000    
   1.12699664       0.00000000       0.00000000    
   1.12799668       0.00000000       0.00000000    
   1.12899673       0.00000000       0.00000000    
   1.12999678       0.00000000       0.00000000    
   1.13099682       0.00000000       0.00000000    
   1.13199687       0.00000000       0.00000000    
   1.13299692       0.00000000       0.00000000    
   1.13399696       0.00000000       0.00000000    
   1.13499701       0.00000000       0.00000000    
   1.13599706       0.00000000       0.00000000    
   1.13699710       0.00000000       0.00000000    
   1.13799715       0.00000000       0.00000000    
   1.13899720       0.00000000       0.00000000    
   1.13999724       0.00000000       0.00000000    
   1.14099729       0.00000000       0.00000000    
   1.14199734       0.00000000       0.00000000    
   1.14299738       0.00000000       0.00000000    
   1.14399743       0.00000000       0.00000000    
   1.14499748       0.00000000       0.00000000    
   1.14599752       0.00000000       0.00000000    
   1.14699757       0.00000000       0.00000000    
   1.14799762       0.00000000       0.00000000    
   1.14899766       0.00000000       0.00000000    
   1.14999771       0.00000000       0.00000000    
   1.15099776       0.00000000       0.00000000    
   1.15199780       0.00000000       0.00000000    
   1.15299785       0.00000000       0.00000000    
   1.15399790       0.00000000       0.00000000    
   1.15499794       0.00000000       0.00000000    
   1.15599799       0.00000000       0.00000000    
   1.15699804       0.00000000       0.00000000    
   1.15799809       0.00000000       0.00000000    
   1.15899813       0.00000000       0.00000000    
   1.15999818       0.00000000       0.00000000    
   1.16099823       0.00000000       0.00000000    
   1.16199827       0.00000000       0.00000000    
   1.16299832       0.00000000       0.00000000    
   1.16399837       0.00000000       0.00000000    
   1.16499841       0.00000000       0.00000000    
   1.16599846       0.00000000       0.00000000    
   1.16699851       0.00000000       0.00000000    
   1.16799855       0.00000000       0.00000000    
   1.16899860       0.00000000       0.00000000    
   1.16999865       0.00000000       0.00000000    
   1.17099869       0.00000000       0.00000000    
   1.17199874       0.00000000       0.00000000    
   1.17299879       0.00000000       0.00000000    
   1.17399883       0.00000000       0.00000000    
   1.17499888       0.00000000       0.00000000    
   1.17599893       0.00000000       0.00000000    
   1.17699897       0.00000000       0.00000000    
   1.17799902       0.00000000       0.00000000    
   1.17899907       0.00000000       0.00000000    
   1.17999911       0.00000000       0.00000000    
   1.18099916       0.00000000       0.00000000    
   1.18199921       0.00000000       0.00000000    
   1.18299925       0.00000000       0.00000000    
   1.18399930       0.00000000       0.00000000    
   1.18499935       0.00000000       0.00000000    
   1.18599939       0.00000000       0.00000000    
   1.18699944       0.00000000       0.00000000    
   1.18799949       0.00000000       0.00000000    
   1.18899953       0.00000000       0.00000000    
   1.18999958       0.00000000       0.00000000    
   1.19099963       0.00000000       0.00000000    
   1.19199967       0.00000000       0.00000000    
   1.19299972       0.00000000       0.00000000    
   1.19399977       0.00000000       0.00000000    
   1.19499981       0.00000000       0.00000000    
   1.19599986       0.00000000       0.00000000    
   1.19699991       0.00000000       0.00000000    
   1.19799995       0.00000000       0.00000000    
   1.19900000       0.00000000       0.00000000    
   1.20000005       0.00000000       0.00000000    
   1.20100009       0.00000000       0.00000000    
   1.20200014       0.00000000       0.00000000    
   1.20300019       0.00000000       0.00000000    
   1.20400023       0.00000000       0.00000000    
   1.20500028       0.00000000       0.00000000    
   1.20600033       0.00000000       0.00000000    
   1.20700037       0.00000000       0.00000000    
   1.20800042       0.00000000       0.00000000    
   1.20900047       0.00000000       0.00000000    
   1.21000051       0.00000000       0.00000000    
   1.21100056       0.00000000       0.00000000    
   1.21200061       0.00000000       0.00000000    
   1.21300066       0.00000000       0.00000000    
   1.21400070       0.00000000       0.00000000    
   1.21500075       0.00000000       0.00000000    
   1.21600080       0.00000000       0.00000000    
   1.21700084       0.00000000       0.00000000    
   1.21800089       0.00000000       0.00000000    
   1.21900094       0.00000000       0.00000000    
   1.22000098       0.00000000       0.00000000    
   1.22100103       0.00000000       0.00000000    
   1.22200108       0.00000000       0.00000000    
   1.22300112       0.00000000       0.00000000    
   1.22400117       0.00000000       0.00000000    
   1.22500122       0.00000000       0.00000000    
   1.22600126       0.00000000       0.00000000    
   1.22700131       0.00000000       0.00000000    
   1.22800136       0.00000000       0.00000000    
   1.22900140       0.00000000       0.00000000    
   1.23000145       0.00000000       0.00000000    
   1.23100150       0.00000000       0.00000000    
   1.23200154       0.00000000       0.00000000    
   1.23300159       0.00000000       0.00000000    
   1.23400164       0.00000000       0.00000000    
   1.23500168       0.00000000       0.00000000    
   1.23600173       0.00000000       0.00000000    
   1.23700178       0.00000000       0.00000000    
   1.23800182       0.00000000       0.00000000    
   1.23900187       0.00000000       0.00000000    
   1.24000192       0.00000000       0.00000000    
   1.24100196       0.00000000       0.00000000    
   1.24200201       0.00000000       0.00000000    
   1.24300206       0.00000000       0.00000000    
   1.24400210       0.00000000       0.00000000    
   1.24500215       0.00000000       0.00000000    
   1.24600220       0.00000000       0.00000000    
   1.24700224       0.00000000       0.00000000    
   1.24800229       0.00000000       0.00000000    
   1.24900234       0.00000000       0.00000000    
   1.25000238       0.00000000       0.00000000    
   1.25100243       0.00000000       0.00000000    
   1.25200248       0.00000000       0.00000000    
   1.25300252       0.00000000       0.00000000    
   1.25400257       0.00000000       0.00000000    
   1.25500262       0.00000000       0.00000000    
   1.25600266       0.00000000       0.00000000    
   1.25700271       0.00000000       0.00000000    
   1.25800276       0.00000000       0.00000000    
   1.25900280       0.00000000       0.00000000    
   1.26000285       0.00000000       0.00000000    
   1.26100290       0.00000000       0.00000000    
   1.26200294       0.00000000       0.00000000    
   1.26300299       0.00000000       0.00000000    
   1.26400304       0.00000000       0.00000000    
   1.26500309       0.00000000       0.00000000    
   1.26600313       0.00000000       0.00000000    
   1.26700318       0.00000000       0.00000000    
   1.26800323       0.00000000       0.00000000    
   1.26900327       0.00000000       0.00000000    
   1.27000332       0.00000000       0.00000000    
   1.27100337       0.00000000       0.00000000    
   1.27200341       0.00000000       0.00000000    
   1.27300346       0.00000000       0.00000000    
   1.27400351       0.00000000       0.00000000    
   1.27500355       0.00000000       0.00000000    
   1.27600360       0.00000000       0.00000000    
   1.27700365       0.00000000       0.00000000    
   1.27800369       0.00000000       0.00000000    
   1.27900374       0.00000000       0.00000000    
   1.28000379       0.00000000       0.00000000    
   1.28100383       0.00000000       0.00000000    
   1.28200388       0.00000000       0.00000000    
   1.28300393       0.00000000       0.00000000    
   1.28400397       0.00000000       0.00000000    
   1.28500402       0.00000000       0.00000000    
   1.28600407       0.00000000       0.00000000    
   1.28700411       0.00000000       0.00000000    
   1.28800416       0.00000000       0.00000000    
   1.28900421       0.00000000       0.00000000    
   1.29000425       0.00000000       0.00000000    
   1.29100430       0.00000000       0.00000000    
   1.29200435       0.00000000       0.00000000    
   1.29300439       0.00000000       0.00000000    
   1.29400444       0.00000000       0.00000000    
   1.29500449       0.00000000       0.00000000    
   1.29600453       0.00000000       0.00000000    
   1.29700458       0.00000000       0.00000000    
   1.29800463       0.00000000       0.00000000    
   1.29900467       0.00000000       0.00000000    
   1.30000472       0.00000000       0.00000000    
   1.30100477       0.00000000       0.00000000    
   1.30200481       0.00000000       0.00000000    
   1.30300486       0.00000000       0.00000000    
   1.30400491       0.00000000       0.00000000    
   1.30500495       0.00000000       0.00000000    
   1.30600500       0.00000000       0.00000000    
   1.30700505       0.00000000       0.00000000    
   1.30800509       0.00000000       0.00000000    
   1.30900514       0.00000000       0.00000000    
   1.31000519       0.00000000       0.00000000    
   1.31100523       0.00000000       0.00000000    
   1.31200528       0.00000000       0.00000000    
   1.31300533       0.00000000       0.00000000    
   1.31400537       0.00000000       0.00000000    
   1.31500542       0.00000000       0.00000000    
   1.31600547       0.00000000       0.00000000    
   1.31700552       0.00000000       0.00000000    
   1.31800556       0.00000000       0.00000000    
   1.31900561       0.00000000       0.00000000    
   1.32000566       0.00000000       0.00000000    
   1.32100570       0.00000000       0.00000000    
   1.32200575       0.00000000       0.00000000    
   1.32300580       0.00000000       0.00000000    
   1.32400584       0.00000000       0.00000000    
   1.32500589       0.00000000       0.00000000    
   1.32600594       0.00000000       0.00000000    
   1.32700598       0.00000000       0.00000000    
   1.32800603       0.00000000       0.00000000    
   1.32900608       0.00000000       0.00000000    
   1.33000612       0.00000000       0.00000000    
   1.33100617       0.00000000       0.00000000    
   1.33200622       0.00000000       0.00000000    
   1.33300626       0.00000000       0.00000000    
   1.33400631       0.00000000       0.00000000    
   1.33500636       0.00000000       0.00000000    
   1.33600640       0.00000000       0.00000000    
   1.33700645       0.00000000       0.00000000    
   1.33800650       0.00000000       0.00000000    
   1.33900654       0.00000000       0.00000000    
   1.34000659       0.00000000       0.00000000    
   1.34100664       0.00000000       0.00000000    
   1.34200668       0.00000000       0.00000000    
   1.34300673       0.00000000       0.00000000    
   1.34400678       0.00000000       0.00000000    
   1.34500682       0.00000000       0.00000000    
   1.34600687       0.00000000       0.00000000    
   1.34700692       0.00000000       0.00000000    
   1.34800696       0.00000000       0.00000000    
   1.34900701       0.00000000       0.00000000    
   1.35000706       0.00000000       0.00000000    
   1.35100710       0.00000000       0.00000000    
   1.35200715       0.00000000       0.00000000    
   1.35300720       0.00000000       0.00000000    
   1.35400724       0.00000000       0.00000000    
   1.35500729       0.00000000       0.00000000    
   1.35600734       0.00000000       0.00000000    
   1.35700738       0.00000000       0.00000000    
   1.35800743       0.00000000       0.00000000    
   1.35900748       0.00000000       0.00000000    
   1.36000752       0.00000000       0.00000000    
   1.36100757       0.00000000       0.00000000    
   1.36200762       0.00000000       0.00000000    
   1.36300766       0.00000000       0.00000000    
   1.36400771       0.00000000       0.00000000    
   1.36500776       0.00000000       0.00000000    
   1.36600780       0.00000000       0.00000000    
   1.36700785       0.00000000       0.00000000    
   1.36800790       0.00000000       0.00000000    
   1.36900795       0.00000000       0.00000000    
   1.37000799       0.00000000       0.00000000    
   1.37100804       0.00000000       0.00000000    
   1.37200809       0.00000000       0.00000000    
   1.37300813       0.00000000       0.00000000    
   1.37400818       0.00000000       0.00000000    
   1.37500823       0.00000000       0.00000000    
   1.37600827       0.00000000       0.00000000    
   1.37700832       0.00000000       0.00000000    
   1.37800837       0.00000000       0.00000000    
   1.37900841       0.00000000       0.00000000    
   1.38000846       0.00000000       0.00000000    
   1.38100851       0.00000000       0.00000000    
   1.38200855       0.00000000       0.00000000    
   1.38300860       0.00000000       0.00000000    
   1.38400865       0.00000000       0.00000000    
   1.38500869       0.00000000       0.00000000    
   1.38600874       0.00000000       0.00000000    
   1.38700879       0.00000000       0.00000000    
   1.38800883       0.00000000       0.00000000    
   1.38900888       0.00000000       0.00000000    
   1.39000893       0.00000000       0.00000000    
   1.39100897       0.00000000       0.00000000    
   1.39200902       0.00000000       0.00000000    
   1.39300907       0.00000000       0.00000000    
   1.39400911       0.00000000       0.00000000    
   1.39500916       0.00000000       0.00000000    
   1.39600921       0.00000000       0.00000000    
   1.39700925       0.00000000       0.00000000    
   1.39800930       0.00000000       0.00000000    
   1.39900935       0.00000000       0.00000000    
   1.40000939       0.00000000       0.00000000    
   1.40100944       0.00000000       0.00000000    
   1.40200949       0.00000000       0.00000000    
   1.40300953       0.00000000       0.00000000    
   1.40400958       0.00000000       0.00000000    
   1.40500963       0.00000000       0.00000000    
   1.40600967       0.00000000       0.00000000    
   1.40700972       0.00000000       0.00000000    
   1.40800977       0.00000000       0.00000000    
   1.40900981       0.00000000       0.00000000    
   1.41000986       0.00000000       0.00000000    
   1.41100991       0.00000000       0.00000000    
   1.41200995       0.00000000       0.00000000    
   1.41301000       0.00000000       0.00000000    
   1.41401005       0.00000000       0.00000000    
   1.41501009       0.00000000       0.00000000    
   1.41601014       0.00000000       0.00000000    
   1.41701019       0.00000000       0.00000000    
   1.41801023       0.00000000       0.00000000    
   1.41901028       0.00000000       0.00000000    
   1.42001033       0.00000000       0.00000000    
   1.42101038       0.00000000       0.00000000    
   1.42201042       0.00000000       0.00000000    
   1.42301047       0.00000000       0.00000000    
   1.42401052       0.00000000       0.00000000    
   1.42501056       0.00000000       0.00000000    
   1.42601061       0.00000000       0.00000000    
   1.42701066       0.00000000       0.00000000    
   1.42801070       0.00000000       0.00000000    
   1.42901075       0.00000000       0.00000000    
   1.43001080       0.00000000       0.00000000    
   1.43101084       0.00000000       0.00000000    
   1.43201089       0.00000000       0.00000000    
   1.43301094       0.00000000       0.00000000    
   1.43401098       0.00000000       0.00000000    
   1.43501103       0.00000000       0.00000000    
   1.43601108       0.00000000       0.00000000    
   1.43701112       0.00000000       0.00000000    
   1.43801117       0.00000000       0.00000000    
   1.43901122       0.00000000       0.00000000    
   1.44001126       0.00000000       0.00000000    
   1.44101131       0.00000000       0.00000000    
   1.44201136       0.00000000       0.00000000    
   1.44301140       0.00000000       0.00000000    
   1.44401145       0.00000000       0.00000000    
   1.44501150       0.00000000       0.00000000    
   1.44601154       0.00000000       0.00000000    
   1.44701159       0.00000000       0.00000000    
   1.44801164       0.00000000       0.00000000    
   1.44901168       0.00000000       0.00000000    
   1.45001173       0.00000000       0.00000000    
   1.45101178       0.00000000       0.00000000    
   1.45201182       0.00000000       0.00000000    
   1.45301187       0.00000000       0.00000000    
   1.45401192       0.00000000       0.00000000    
   1.45501196       0.00000000       0.00000000    
   1.45601201       0.00000000       0.00000000    
   1.45701206       0.00000000       0.00000000    
   1.45801210       0.00000000       0.00000000    
   1.45901215       0.00000000       0.00000000    
   1.46001220       0.00000000       0.00000000    
   1.46101224       0.00000000       0.00000000    
   1.46201229       0.00000000       0.00000000    
   1.46301234       0.00000000       0.00000000    
   1.46401238       0.00000000       0.00000000    
   1.46501243       0.00000000       0.00000000    
   1.46601248       0.00000000       0.00000000    
   1.46701252       0.00000000       0.00000000    
   1.46801257       0.00000000       0.00000000    
   1.46901262       0.00000000       0.00000000    
   1.47001266       0.00000000       0.00000000    
   1.47101271       0.00000000       0.00000000    
   1.47201276       0.00000000       0.00000000    
   1.47301280       0.00000000       0.00000000    
   1.47401285       0.00000000       0.00000000    
   1.47501290       0.00000000       0.00000000    
   1.47601295       0.00000000       0.00000000    
   1.47701299       0.00000000       0.00000000    
   1.47801304       0.00000000       0.00000000    
   1.47901309       0.00000000       0.00000000    
   1.48001313       0.00000000       0.00000000    
   1.48101318       0.00000000       0.00000000    
   1.48201323       0.00000000       0.00000000    
   1.48301327       0.00000000       0.00000000    
   1.48401332       0.00000000       0.00000000    
   1.48501337       0.00000000       0.00000000    
   1.48601341       0.00000000       0.00000000    
   1.48701346       0.00000000       0.00000000    
   1.48801351       0.00000000       0.00000000    
   1.48901355       0.00000000       0.00000000    
   1.49001360       0.00000000       0.00000000    
   1.49101365       0.00000000       0.00000000    
   1.49201369       0.00000000       0.00000000    
   1.49301374       0.00000000       0.00000000    
   1.49401379       0.00000000       0.00000000    
   1.49501383       0.00000000       0.00000000    
   1.49601388       0.00000000       0.00000000    
   1.49701393       0.00000000       0.00000000    
   1.49801397       0.00000000       0.00000000    
   1.49901402       0.00000000       0.00000000    
   1.50001407       0.00000000       0.00000000    
   1.50101411       0.00000000       0.00000000    
   1.50201416       0.00000000       0.00000000    
   1.50301421       0.00000000       0.00000000    
   1.50401425       0.00000000       0.00000000    
   1.50501430       0.00000000       0.00000000    
   1.50601435       0.00000000       0.00000000    
   1.50701439       0.00000000       0.00000000    
   1.50801444       0.00000000       0.00000000    
   1.50901449       0.00000000       0.00000000    
   1.51001453       0.00000000       0.00000000    
   1.51101458       0.00000000       0.00000000    
   1.51201463       0.00000000       0.00000000    
   1.51301467       0.00000000       0.00000000    
   1.51401472       0.00000000       0.00000000    
   1.51501477       0.00000000       0.00000000    
   1.51601481       0.00000000       0.00000000    
   1.51701486       0.00000000       0.00000000    
   1.51801491       0.00000000       0.00000000    
   1.51901495       0.00000000       0.00000000    
   1.52001500       0.00000000       0.00000000    
   1.52101505       0.00000000       0.00000000    
   1.52201509       0.00000000       0.00000000    
   1.52301514       0.00000000       0.00000000    
   1.52401519       0.00000000       0.00000000    
   1.52501523       0.00000000       0.00000000    
   1.52601528       0.00000000       0.00000000    
   1.52701533       0.00000000       0.00000000    
   1.52801538       0.00000000       0.00000000    
   1.52901542       0.00000000       0.00000000    
   1.53001547       0.00000000       0.00000000    
   1.53101552       0.00000000       0.00000000    
   1.53201556       0.00000000       0.00000000    
   1.53301561       0.00000000       0.00000000    
   1.53401566       0.00000000       0.00000000    
   1.53501570       0.00000000       0.00000000    
   1.53601575       0.00000000       0.00000000    
   1.53701580       0.00000000       0.00000000    
   1.53801584       0.00000000       0.00000000    
   1.53901589       0.00000000       0.00000000    
   1.54001594       0.00000000       0.00000000    
   1.54101598       0.00000000       0.00000000    
   1.54201603       0.00000000       0.00000000    
   1.54301608       0.00000000       0.00000000    
   1.54401612       0.00000000       0.00000000    
   1.54501617       0.00000000       0.00000000    
   1.54601622       0.00000000       0.00000000    
   1.54701626       0.00000000       0.00000000    
   1.54801631       0.00000000       0.00000000    
   1.54901636       0.00000000       0.00000000    
   1.55001640       0.00000000       0.00000000    
   1.55101645       0.00000000       0.00000000    
   1.55201650       0.00000000       0.00000000    
   1.55301654       0.00000000       0.00000000    
   1.55401659       0.00000000       0.00000000    
   1.55501664       0.00000000       0.00000000    
   1.55601668       0.00000000       0.00000000    
   1.55701673       0.00000000       0.00000000    
   1.55801678       0.00000000       0.00000000    
   1.55901682       0.00000000       0.00000000    
   1.56001687       0.00000000       0.00000000    
   1.56101692       0.00000000       0.00000000    
   1.56201696       0.00000000       0.00000000    
   1.56301701       0.00000000       0.00000000    
   1.56401706       0.00000000       0.00000000    
   1.56501710       0.00000000       0.00000000    
   1.56601715       0.00000000       0.00000000    
   1.56701720       0.00000000       0.00000000    
   1.56801724       0.00000000       0.00000000    
   1.56901729       0.00000000       0.00000000    
   1.57001734       0.00000000       0.00000000    
