   1.00000005E-03   4.99989092E-03   4.99984932    
   2.00000009E-03   9.99965798E-03   4.99966192    
   3.00000003E-03   1.49991745E-02   4.99934912    
   4.00000019E-03   1.99983157E-02   4.99891186    
   5.00000035E-03   2.49969568E-02   4.99834919    
   6.00000052E-03   2.99949721E-02   4.99766159    
   7.00000068E-03   3.49922366E-02   4.99684954    
   8.00000038E-03   3.99886295E-02   4.99591208    
   9.00000054E-03   4.49840203E-02   4.99485016    
   1.00000007E-02   4.99782898E-02   4.99366283    
   1.10000009E-02   5.49713038E-02   4.99235106    
   1.20000010E-02   5.99629469E-02   4.99091434    
   1.30000012E-02   6.49530888E-02   4.98935318    
   1.40000014E-02   6.99416101E-02   4.98766661    
   1.50000015E-02   7.49283880E-02   4.98585606    
   1.60000008E-02   7.99132884E-02   4.98392057    
   1.70000009E-02   8.48961845E-02   4.98186016    
   1.80000011E-02   8.98769572E-02   4.97967529    
   1.90000013E-02   9.48554873E-02   4.97736645    
   2.00000014E-02   9.98316482E-02   4.97493267    
   2.10000016E-02  0.104805321       4.97237492    
   2.20000017E-02  0.109776363       4.96969271    
   2.30000019E-02  0.114744663       4.96688652    
   2.40000021E-02  0.119710095       4.96395540    
   2.50000022E-02  0.124672532       4.96090078    
   2.60000024E-02  0.129631862       4.95772219    
   2.70000026E-02  0.134587929       4.95441914    
   2.80000027E-02  0.139540642       4.95099258    
   2.90000029E-02  0.144489869       4.94744253    
   3.00000031E-02  0.149435490       4.94376850    
   3.10000032E-02  0.154377371       4.93997097    
   3.20000015E-02  0.159315392       4.93604994    
   3.29999998E-02  0.164249435       4.93200493    
   3.39999981E-02  0.169179365       4.92783737    
   3.49999964E-02  0.174105063       4.92354631    
   3.59999947E-02  0.179026410       4.91913176    
   3.69999930E-02  0.183943287       4.91459513    
   3.79999913E-02  0.188855544       4.90993500    
   3.89999896E-02  0.193763107       4.90515184    
   3.99999879E-02  0.198665813       4.90024662    
   4.09999862E-02  0.203563556       4.89521885    
   4.19999845E-02  0.208456203       4.89006853    
   4.29999828E-02  0.213343650       4.88479567    
   4.39999811E-02  0.218225762       4.87940121    
   4.49999794E-02  0.223102421       4.87388468    
   4.59999777E-02  0.227973506       4.86824608    
   4.69999760E-02  0.232838884       4.86248589    
   4.79999743E-02  0.237698436       4.85660410    
   4.89999726E-02  0.242552057       4.85060072    
   4.99999709E-02  0.247399598       4.84447670    
   5.09999692E-02  0.252240956       4.83823109    
   5.19999675E-02  0.257076025       4.83186436    
   5.29999658E-02  0.261904657       4.82537746    
   5.39999641E-02  0.266726732       4.81876945    
   5.49999624E-02  0.271542132       4.81204081    
   5.59999608E-02  0.276350766       4.80519199    
   5.69999591E-02  0.281152487       4.79822350    
   5.79999574E-02  0.285947174       4.79113483    
   5.89999557E-02  0.290734738       4.78392601    
   5.99999540E-02  0.295515001       4.77659798    
   6.09999523E-02  0.300287873       4.76915073    
   6.19999506E-02  0.305053264       4.76158381    
   6.29999489E-02  0.309810996       4.75389814    
   6.39999509E-02  0.314561009       4.74609327    
   6.49999529E-02  0.319303155       4.73816967    
   6.59999549E-02  0.324037313       4.73012781    
   6.69999570E-02  0.328763366       4.72196817    
   6.79999590E-02  0.333481222       4.71368980    
   6.89999610E-02  0.338190705       4.70529413    
   6.99999630E-02  0.342891753       4.69678020    
   7.09999651E-02  0.347584248       4.68814945    
   7.19999671E-02  0.352268040       4.67940140    
   7.29999691E-02  0.356943011       4.67053604    
   7.39999712E-02  0.361609071       4.66155434    
   7.49999732E-02  0.366266102       4.65245581    
   7.59999752E-02  0.370913953       4.64324093    
   7.69999772E-02  0.375552505       4.63391018    
   7.79999793E-02  0.380181700       4.62446356    
   7.89999813E-02  0.384801388       4.61490107    
   7.99999833E-02  0.389411479       4.60522366    
   8.09999853E-02  0.394011825       4.59543085    
   8.19999874E-02  0.398602307       4.58552313    
   8.29999894E-02  0.403182834       4.57550097    
   8.39999914E-02  0.407753289       4.56536388    
   8.49999934E-02  0.412313521       4.55511332    
   8.59999955E-02  0.416863471       4.54474831    
   8.69999975E-02  0.421402991       4.53426981    
   8.79999995E-02  0.425931960       4.52367830    
   8.90000015E-02  0.430450290       4.51297331    
   9.00000036E-02  0.434957862       4.50215578    
   9.10000056E-02  0.439454585       4.49122572    
   9.20000076E-02  0.443940312       4.48018312    
   9.30000097E-02  0.448414922       4.46902847    
   9.40000117E-02  0.452878356       4.45776224    
   9.50000137E-02  0.457330436       4.44638443    
   9.60000157E-02  0.461771101       4.43489552    
   9.70000178E-02  0.466200203       4.42329597    
   9.80000198E-02  0.470617652       4.41158581    
   9.90000218E-02  0.475023329       4.39976501    
  0.100000024      0.479417115       4.38783455    
  0.101000026      0.483798951       4.37579441    
  0.102000028      0.488168657       4.36364460    
  0.103000030      0.492526174       4.35138607    
  0.104000032      0.496871382       4.33901834    
  0.105000034      0.501204133       4.32654238    
  0.106000036      0.505524397       4.31395864    
  0.107000038      0.509832025       4.30126667    
  0.108000040      0.514126897       4.28846693    
  0.109000042      0.518408954       4.27555990    
  0.110000044      0.522678018       4.26254654    
  0.111000046      0.526934028       4.24942636    
  0.112000048      0.531176805       4.23619986    
  0.113000050      0.535406351       4.22286749    
  0.114000052      0.539622545       4.20942974    
  0.115000054      0.543825209       4.19588661    
  0.116000056      0.548014283       4.18223858    
  0.117000058      0.552189648       4.16848564    
  0.118000060      0.556351244       4.15462923    
  0.119000062      0.560498893       4.14066839    
  0.120000064      0.564632535       4.12660456    
  0.121000066      0.568752110       4.11243677    
  0.122000068      0.572857380       4.09816647    
  0.123000070      0.576948404       4.08379412    
  0.124000072      0.581024945       4.06931925    
  0.125000075      0.585087001       4.05474281    
  0.126000077      0.589134395       4.04006529    
  0.127000079      0.593167067       4.02528667    
  0.128000081      0.597184896       4.01040697    
  0.129000083      0.601187825       3.99542761    
  0.130000085      0.605175734       3.98034787    
  0.131000087      0.609148502       3.96516895    
  0.132000089      0.613106012       3.94989085    
  0.133000091      0.617048264       3.93451405    
  0.134000093      0.620975018       3.91903877    
  0.135000095      0.624886334       3.90346551    
  0.136000097      0.628781915       3.88779449    
  0.137000099      0.632661819       3.87202644    
  0.138000101      0.636525929       3.85616136    
  0.139000103      0.640374064       3.84020019    
  0.140000105      0.644206285       3.82414293    
  0.141000107      0.648022354       3.80799007    
  0.142000109      0.651822209       3.79174185    
  0.143000111      0.655605793       3.77539897    
  0.144000113      0.659372926       3.75896168    
  0.145000115      0.663123667       3.74243045    
  0.146000117      0.666857719       3.72580552    
  0.147000119      0.670575202       3.70908761    
  0.148000121      0.674275935       3.69227695    
  0.149000123      0.677959740       3.67537403    
  0.150000125      0.681626618       3.65837908    
  0.151000127      0.685276449       3.64129281    
  0.152000129      0.688909113       3.62411547    
  0.153000131      0.692524612       3.60684729    
  0.154000133      0.696122825       3.58948922    
  0.155000135      0.699703574       3.57204151    
  0.156000137      0.703266799       3.55450439    
  0.157000139      0.706812501       3.53687835    
  0.158000141      0.710340500       3.51916385    
  0.159000143      0.713850796       3.50136161    
  0.160000145      0.717343152       3.48347139    
  0.161000147      0.720817685       3.46549439    
  0.162000149      0.724274158       3.44743061    
  0.163000152      0.727712572       3.42928076    
  0.164000154      0.731132746       3.41104507    
  0.165000156      0.734534621       3.39272404    
  0.166000158      0.737918198       3.37431860    
  0.167000160      0.741283238       3.35582852    
  0.168000162      0.744629800       3.33725476    
  0.169000164      0.747957766       3.31859732    
  0.170000166      0.751267016       3.29985690    
  0.171000168      0.754557431       3.28103423    
  0.172000170      0.757829010       3.26212931    
  0.173000172      0.761081636       3.24314308    
  0.174000174      0.764315307       3.22407556    
  0.175000176      0.767529786       3.20492721    
  0.176000178      0.770725131       3.18569922    
  0.177000180      0.773901165       3.16639113    
  0.178000182      0.777057827       3.14700413    
  0.179000184      0.780195177       3.12753844    
  0.180000186      0.783312976       3.10799456    
  0.181000188      0.786411166       3.08837295    
  0.182000190      0.789489686       3.06867433    
  0.183000192      0.792548478       3.04889870    
  0.184000194      0.795587420       3.02904677    
  0.185000196      0.798606515       3.00911927    
  0.186000198      0.801605582       2.98911667    
  0.187000200      0.804584682       2.96903920    
  0.188000202      0.807543576       2.94888759    
  0.189000204      0.810482383       2.92866230    
  0.190000206      0.813400865       2.90836358    
  0.191000208      0.816299021       2.88799238    
  0.192000210      0.819176793       2.86754894    
  0.193000212      0.822034121       2.84703350    
  0.194000214      0.824870884       2.82644701    
  0.195000216      0.827687025       2.80578995    
  0.196000218      0.830482423       2.78506279    
  0.197000220      0.833257139       2.76426601    
  0.198000222      0.836010933       2.74339986    
  0.199000224      0.838743925       2.72246528    
  0.200000226      0.841455877       2.70146275    
  0.201000229      0.844146848       2.68039274    
  0.202000231      0.846816659       2.65925550    
  0.203000233      0.849465251       2.63805175    
  0.204000235      0.852092683       2.61678219    
  0.205000237      0.854698777       2.59544730    
  0.206000239      0.857283533       2.57404757    
  0.207000241      0.859846890       2.55258346    
  0.208000243      0.862388670       2.53105545    
  0.209000245      0.864908934       2.50946426    
  0.210000247      0.867407560       2.48781013    
  0.211000249      0.869884551       2.46609402    
  0.212000251      0.872339785       2.44431615    
  0.213000253      0.874773204       2.42247725    
  0.214000255      0.877184749       2.40057755    
  0.215000257      0.879574299       2.37861800    
  0.216000259      0.881941915       2.35659885    
  0.217000261      0.884287477       2.33452106    
  0.218000263      0.886610925       2.31238484    
  0.219000265      0.888912201       2.29019070    
  0.220000267      0.891191304       2.26793933    
  0.221000269      0.893448114       2.24563122    
  0.222000271      0.895682573       2.22326708    
  0.223000273      0.897894621       2.20084739    
  0.224000275      0.900084198       2.17837262    
  0.225000277      0.902251303       2.15584326    
  0.226000279      0.904395878       2.13326025    
  0.227000281      0.906517804       2.11062384    
  0.228000283      0.908617139       2.08793449    
  0.229000285      0.910693705       2.06519294    
  0.230000287      0.912747502       2.04239988    
  0.231000289      0.914778531       2.01955581    
  0.232000291      0.916786611       1.99666119    
  0.233000293      0.918771803       1.97371662    
  0.234000295      0.920734048       1.95072281    
  0.235000297      0.922673225       1.92768013    
  0.236000299      0.924589336       1.90458930    
  0.237000301      0.926482379       1.88145089    
  0.238000304      0.928352177       1.85826540    
  0.239000306      0.930198848       1.83503342    
  0.240000308      0.932022274       1.81175554    
  0.241000310      0.933822393       1.78843236    
  0.242000312      0.935599148       1.76506448    
  0.243000314      0.937352538       1.74165249    
  0.244000316      0.939082503       1.71819699    
  0.245000318      0.940788925       1.69469857    
  0.246000320      0.942471862       1.67115784    
  0.247000322      0.944131196       1.64757514    
  0.248000324      0.945766926       1.62395144    
  0.249000326      0.947379053       1.60028708    
  0.250000328      0.948967516       1.57658267    
  0.251000315      0.950532258       1.55283880    
  0.252000302      0.952073216       1.52905631    
  0.253000289      0.953590333       1.50523543    
  0.254000276      0.955083668       1.48137701    
  0.255000263      0.956553102       1.45748150    
  0.256000251      0.957998633       1.43354952    
  0.257000238      0.959420204       1.40958178    
  0.258000225      0.960817754       1.38557875    
  0.259000212      0.962191284       1.36154115    
  0.260000199      0.963540792       1.33746946    
  0.261000186      0.964866221       1.31336427    
  0.262000173      0.966167569       1.28922629    
  0.263000160      0.967444718       1.26505613    
  0.264000148      0.968697667       1.24085438    
  0.265000135      0.969926357       1.21662152    
  0.266000122      0.971130908       1.19235814    
  0.267000109      0.972311080       1.16806507    
  0.268000096      0.973467052       1.14374280    
  0.269000083      0.974598646       1.11939192    
  0.270000070      0.975705802       1.09501302    
  0.271000057      0.976788700       1.07060683    
  0.272000045      0.977847099       1.04617381    
  0.273000032      0.978881061       1.02171469    
  0.274000019      0.979890525      0.997229934    
  0.275000006      0.980875492      0.972720385    
  0.275999993      0.981835902      0.948186398    
  0.276999980      0.982771814      0.923628747    
  0.277999967      0.983683169      0.899048030    
  0.278999954      0.984569907      0.874444783    
  0.279999942      0.985432088      0.849819660    
  0.280999929      0.986269593      0.825173378    
  0.281999916      0.987082422      0.800506413    
  0.282999903      0.987870634      0.775819421    
  0.283999890      0.988634050      0.751113057    
  0.284999877      0.989372849      0.726387918    
  0.285999864      0.990086913      0.701644659    
  0.286999851      0.990776122      0.676883817    
  0.287999839      0.991440654      0.652106047    
  0.288999826      0.992080331      0.627312005    
  0.289999813      0.992695212      0.602502286    
  0.290999800      0.993285298      0.577677488    
  0.291999787      0.993850589      0.552838206    
  0.292999774      0.994390965      0.527985156    
  0.293999761      0.994906545      0.503118873    
  0.294999748      0.995397210      0.478240043    
  0.295999736      0.995863020      0.453349262    
  0.296999723      0.996303916      0.428447098    
  0.297999710      0.996719897      0.403534234    
  0.298999697      0.997110963      0.378611296    
  0.299999684      0.997477055      0.353678882    
  0.300999671      0.997818291      0.328737646    
  0.301999658      0.998134613      0.303788185    
  0.302999645      0.998425901      0.278831124    
  0.303999633      0.998692274      0.253867090    
  0.304999620      0.998933673      0.228896722    
  0.305999607      0.999150097      0.203920618    
  0.306999594      0.999341488      0.178939417    
  0.307999581      0.999507904      0.153953746    
  0.308999568      0.999649405      0.128964216    
  0.309999555      0.999765873      0.103971474    
  0.310999542      0.999857366       7.89761320E-02
  0.311999530      0.999923825       5.39788119E-02
  0.312999517      0.999965310       2.89801452E-02
  0.313999504      0.999981761       3.98075394E-03
  0.314999491      0.999973297      -2.10187361E-02
  0.315999478      0.999939740      -4.60177027E-02
  0.316999465      0.999881268      -7.10155219E-02
  0.317999452      0.999797761      -9.60115641E-02
  0.318999439      0.999689281     -0.121005200    
  0.319999427      0.999555767     -0.145995811    
  0.320999414      0.999397278     -0.170982778    
  0.321999401      0.999213755     -0.195965469    
  0.322999388      0.999005318     -0.220943272    
  0.323999375      0.998771906     -0.245915547    
  0.324999362      0.998513520     -0.270881653    
  0.325999349      0.998230159     -0.295841008    
  0.326999336      0.997921884     -0.320792943    
  0.327999324      0.997588634     -0.345736861    
  0.328999311      0.997230411     -0.370672137    
  0.329999298      0.996847272     -0.395598173    
  0.330999285      0.996439219     -0.420514315    
  0.331999272      0.996006310     -0.445419937    
  0.332999259      0.995548368     -0.470314413    
  0.333999246      0.995065570     -0.495197117    
  0.334999233      0.994557977     -0.520067453    
  0.335999221      0.994025528     -0.544924796    
  0.336999208      0.993468165     -0.569768488    
  0.337999195      0.992885947     -0.594597995    
  0.338999182      0.992278993     -0.619412601    
  0.339999169      0.991647184     -0.644211709    
  0.340999156      0.990990579     -0.668994725    
  0.341999143      0.990309238     -0.693761110    
  0.342999130      0.989603102     -0.718510091    
  0.343999118      0.988872170     -0.743241072    
  0.344999105      0.988116562     -0.767953455    
  0.345999092      0.987336278     -0.792646706    
  0.346999079      0.986531258     -0.817320168    
  0.347999066      0.985701561     -0.841973126    
  0.348999053      0.984847307     -0.866605043    
  0.349999040      0.983968377     -0.891215265    
  0.350999027      0.983064890     -0.915803254    
  0.351999015      0.982136786     -0.940368354    
  0.352999002      0.981184125     -0.964909911    
  0.353998989      0.980206966     -0.989427328    
  0.354998976      0.979205251      -1.01391995    
  0.355998963      0.978179097      -1.03838730    
  0.356998950      0.977128506      -1.06282878    
  0.357998937      0.976053476      -1.08724356    
  0.358998924      0.974954009      -1.11163127    
  0.359998912      0.973830163      -1.13599110    
  0.360998899      0.972681999      -1.16032255    
  0.361998886      0.971509516      -1.18462503    
  0.362998873      0.970312774      -1.20889783    
  0.363998860      0.969091713      -1.23314047    
  0.364998847      0.967846453      -1.25735223    
  0.365998834      0.966576934      -1.28153253    
  0.366998821      0.965283334      -1.30568075    
  0.367998809      0.963965535      -1.32979643    
  0.368998796      0.962623715      -1.35387874    
  0.369998783      0.961257815      -1.37792730    
  0.370998770      0.959867895      -1.40194154    
  0.371998757      0.958453953      -1.42592061    
  0.372998744      0.957016051      -1.44986391    
  0.373998731      0.955554247      -1.47377110    
  0.374998719      0.954068542      -1.49764144    
  0.375998706      0.952558994      -1.52147436    
  0.376998693      0.951025605      -1.54526925    
  0.377998680      0.949468493      -1.56902540    
  0.378998667      0.947887540      -1.59274244    
  0.379998654      0.946282983      -1.61641967    
  0.380998641      0.944654763      -1.64005637    
  0.381998628      0.943002880      -1.66365206    
  0.382998616      0.941327453      -1.68720627    
  0.383998603      0.939628422      -1.71071815    
  0.384998590      0.937905967      -1.73418736    
  0.385998577      0.936160028      -1.75761330    
  0.386998564      0.934390724      -1.78099513    
  0.387998551      0.932598054      -1.80433249    
  0.388998538      0.930782080      -1.82762480    
  0.389998525      0.928942859      -1.85087144    
  0.390998513      0.927080393      -1.87407184    
  0.391998500      0.925194740      -1.89722526    
  0.392998487      0.923285961      -1.92033136    
  0.393998474      0.921354055      -1.94338942    
  0.394998461      0.919399142      -1.96639895    
  0.395998448      0.917421281      -1.98935938    
  0.396998435      0.915420473      -2.01226997    
  0.397998422      0.913396776      -2.03513002    
  0.398998410      0.911350191      -2.05793953    
  0.399998397      0.909280896      -2.08069754    
  0.400998384      0.907188833      -2.10340357    
  0.401998371      0.905074060      -2.12605691    
  0.402998358      0.902936697      -2.14865708    
  0.403998345      0.900776744      -2.17120337    
  0.404998332      0.898594260      -2.19369555    
  0.405998319      0.896389365      -2.21613288    
  0.406998307      0.894162059      -2.23851490    
  0.407998294      0.891912401      -2.26084089    
  0.408998281      0.889640391      -2.28311038    
  0.409998268      0.887346208      -2.30532265    
  0.410998255      0.885029793      -2.32747746    
  0.411998242      0.882691205      -2.34957385    
  0.412998229      0.880330622      -2.37161183    
  0.413998216      0.877948046      -2.39359021    
  0.414998204      0.875543475      -2.41550899    
  0.415998191      0.873117030      -2.43736720    
  0.416998178      0.870668709      -2.45916462    
  0.417998165      0.868198693      -2.48090053    
  0.418998152      0.865706921      -2.50257421    
  0.419998139      0.863193512      -2.52418566    
  0.420998126      0.860658586      -2.54573393    
  0.421998113      0.858102143      -2.56721830    
  0.422998101      0.855524182      -2.58863854    
  0.423998088      0.852924883      -2.60999417    
  0.424998075      0.850304246      -2.63128471    
  0.425998062      0.847662330      -2.65250921    
  0.426998049      0.844999254      -2.67366767    
  0.427998036      0.842315018      -2.69475889    
  0.428998023      0.839609742      -2.71578288    
  0.429998010      0.836883485      -2.73673916    
  0.430997998      0.834136248      -2.75762701    
  0.431997985      0.831368208      -2.77844596    
  0.432997972      0.828579366      -2.79919553    
  0.433997959      0.825769782      -2.81987500    
  0.434997946      0.822939575      -2.84048367    
  0.435997933      0.820088804      -2.86102176    
  0.436997920      0.817217588      -2.88148808    
  0.437997907      0.814325869      -2.90188241    
  0.438997895      0.811413825      -2.92220426    
  0.439997882      0.808481455      -2.94245291    
  0.440997869      0.805528939      -2.96262813    
  0.441997856      0.802556276      -2.98272920    
  0.442997843      0.799563527      -3.00275564    
  0.443997830      0.796550751      -3.02270722    
  0.444997817      0.793518126      -3.04258323    
  0.445997804      0.790465593      -3.06238294    
  0.446997792      0.787393332      -3.08210635    
  0.447997779      0.784301400      -3.10175252    
  0.448997766      0.781189859      -3.12132120    
  0.449997753      0.778058827      -3.14081192    
  0.450997740      0.774908304      -3.16022396    
  0.451997727      0.771738470      -3.17955685    
  0.452997714      0.768549323      -3.19881082    
  0.453997701      0.765340924      -3.21798420    
  0.454997689      0.762113392      -3.23707747    
  0.455997676      0.758866787      -3.25608969    
  0.456997663      0.755601227      -3.27502084    
  0.457997650      0.752316773      -3.29386973    
  0.458997637      0.749013543      -3.31263661    
  0.459997624      0.745691538      -3.33132052    
  0.460997611      0.742350936      -3.34992099    
  0.461997598      0.738991737      -3.36843777    
  0.462997586      0.735614061      -3.38687038    
  0.463997573      0.732218027      -3.40521860    
  0.464997560      0.728803635      -3.42348146    
  0.465997547      0.725371063      -3.44165874    
  0.466997534      0.721920371      -3.45974994    
  0.467997521      0.718451560      -3.47775459    
  0.468997508      0.714964867      -3.49567246    
  0.469997495      0.711460233      -3.51350284    
  0.470997483      0.707937896      -3.53124523    
  0.471997470      0.704397798      -3.54889965    
  0.472997457      0.700840116      -3.56646514    
  0.473997444      0.697264910      -3.58394146    
  0.474997431      0.693672299      -3.60132813    
  0.475997418      0.690062284      -3.61862469    
  0.476997405      0.686435044      -3.63583112    
  0.477997392      0.682790697      -3.65294647    
  0.478997380      0.679129243      -3.66997051    
  0.479997367      0.675450802      -3.68690276    
  0.480997354      0.671755433      -3.70374274    
  0.481997341      0.668043315      -3.72049022    
  0.482997328      0.664314508      -3.73714471    
  0.483997315      0.660569131      -3.75370574    
  0.484997302      0.656807184      -3.77017307    
  0.485997289      0.653028786      -3.78654623    
  0.486997277      0.649234176      -3.80282450    
  0.487997264      0.645423234      -3.81900787    
  0.488997251      0.641596198      -3.83509564    
  0.489997238      0.637753069      -3.85108781    
  0.490997225      0.633894026      -3.86698341    
  0.491997212      0.630019128      -3.88278222    
  0.492997199      0.626128495      -3.89848423    
  0.493997186      0.622222185      -3.91408873    
  0.494997174      0.618300378      -3.92959523    
  0.495997161      0.614363074      -3.94500351    
  0.496997148      0.610410392      -3.96031332    
  0.497997135      0.606442511      -3.97552419    
  0.498997122      0.602459431      -3.99063540    
  0.499997109      0.598461270      -4.00564718    
  0.500997126      0.594448149      -4.02055836    
  0.501997113      0.590420187      -4.03536940    
  0.502997100      0.586377442      -4.05007887    
  0.503997087      0.582320094      -4.06468773    
  0.504997075      0.578248084      -4.07919502    
  0.505997062      0.574161649      -4.09360027    
  0.506997049      0.570060909      -4.10790300    
  0.507997036      0.565945923      -4.12210321    
  0.508997023      0.561816752      -4.13620043    
  0.509997010      0.557673573      -4.15019417    
  0.510996997      0.553516388      -4.16408443    
  0.511996984      0.549345434      -4.17787027    
  0.512996972      0.545160711      -4.19155169    
  0.513996959      0.540962338      -4.20512819    
  0.514996946      0.536750436      -4.21859932    
  0.515996933      0.532525122      -4.23196554    
  0.516996920      0.528286517      -4.24522591    
  0.517996907      0.524034739      -4.25837946    
  0.518996894      0.519769847      -4.27142715    
  0.519996881      0.515491903      -4.28436804    
  0.520996869      0.511201143      -4.29720163    
  0.521996856      0.506897569      -4.30992794    
  0.522996843      0.502581358      -4.32254601    
  0.523996830      0.498252511      -4.33505678    
  0.524996817      0.493911237      -4.34745884    
  0.525996804      0.489557624      -4.35975170    
  0.526996791      0.485191762      -4.37193632    
  0.527996778      0.480813771      -4.38401127    
  0.528996766      0.476423770      -4.39597702    
  0.529996753      0.472021878      -4.40783215    
  0.530996740      0.467608154      -4.41957760    
  0.531996727      0.463182718      -4.43121290    
  0.532996714      0.458745748      -4.44273663    
  0.533996701      0.454297334      -4.45415020    
  0.534996688      0.449837506      -4.46545172    
  0.535996675      0.445366472      -4.47664165    
  0.536996663      0.440884262      -4.48772001    
  0.537996650      0.436391056      -4.49868584    
  0.538996637      0.431886941      -4.50953913    
  0.539996624      0.427371979      -4.52028036    
  0.540996611      0.422846407      -4.53090763    
  0.541996598      0.418310225      -4.54142237    
  0.542996585      0.413763613      -4.55182314    
  0.543996572      0.409206599      -4.56211042    
  0.544996560      0.404639393      -4.57228327    
  0.545996547      0.400062084      -4.58234215    
  0.546996534      0.395474762      -4.59228659    
  0.547996521      0.390877545      -4.60211611    
  0.548996508      0.386270553      -4.61183023    
  0.549996495      0.381653905      -4.62142944    
  0.550996482      0.377027750      -4.63091326    
  0.551996469      0.372392148      -4.64028120    
  0.552996457      0.367747247      -4.64953279    
  0.553996444      0.363093138      -4.65866804    
  0.554996431      0.358429939      -4.66768694    
  0.555996418      0.353757799      -4.67658949    
  0.556996405      0.349076778      -4.68537521    
  0.557996392      0.344387054      -4.69404364    
  0.558996379      0.339688748      -4.70259428    
  0.559996367      0.334981918      -4.71102762    
  0.560996354      0.330266714      -4.71934319    
  0.561996341      0.325543284      -4.72754097    
  0.562996328      0.320811689      -4.73562050    
  0.563996315      0.316072077      -4.74358130    
  0.564996302      0.311324567      -4.75142384    
  0.565996289      0.306569248      -4.75914764    
  0.566996276      0.301806301      -4.76675224    
  0.567996264      0.297035784      -4.77423811    
  0.568996251      0.292257845      -4.78160429    
  0.569996238      0.287472606      -4.78885078    
  0.570996225      0.282680184      -4.79597759    
  0.571996212      0.277880698      -4.80298471    
  0.572996199      0.273074269      -4.80987120    
  0.573996186      0.268261015      -4.81663799    
  0.574996173      0.263441026      -4.82328463    
  0.575996161      0.258614480      -4.82981014    
  0.576996148      0.253781438      -4.83621550    
  0.577996135      0.248942077      -4.84249926    
  0.578996122      0.244096488      -4.84866238    
  0.579996109      0.239244804      -4.85470390    
  0.580996096      0.234387130      -4.86062431    
  0.581996083      0.229523584      -4.86642313    
  0.582996070      0.224654302      -4.87210035    
  0.583996058      0.219779417      -4.87765598    
  0.584996045      0.214899048      -4.88308954    
  0.585996032      0.210013285      -4.88840055    
  0.586996019      0.205122262      -4.89358950    
  0.587996006      0.200226128      -4.89865637    
  0.588995993      0.195324972      -4.90360117    
  0.589995980      0.190418959      -4.90842295    
  0.590995967      0.185508177      -4.91312218    
  0.591995955      0.180592760      -4.91769838    
  0.592995942      0.175672814      -4.92215157    
  0.593995929      0.170748502      -4.92648172    
  0.594995916      0.165819898      -4.93068886    
  0.595995903      0.160887167      -4.93477297    
  0.596995890      0.155950397      -4.93873310    
  0.597995877      0.151009738      -4.94257021    
  0.598995864      0.146065295      -4.94628334    
  0.599995852      0.141117215      -4.94987345    
  0.600995839      0.136165604      -4.95333910    
  0.601995826      0.131210580      -4.95668173    
  0.602995813      0.126252279      -4.95989990    
  0.603995800      0.121290818      -4.96299410    
  0.604995787      0.116326332      -4.96596479    
  0.605995774      0.111358933      -4.96881056    
  0.606995761      0.106388748      -4.97153234    
  0.607995749      0.101415902      -4.97413015    
  0.608995736       9.64405313E-02  -4.97660303    
  0.609995723       9.14627463E-02  -4.97895193    
  0.610995710       8.64826739E-02  -4.98117638    
  0.611995697       8.15004334E-02  -4.98327589    
  0.612995684       7.65161589E-02  -4.98525143    
  0.613995671       7.15299770E-02  -4.98710203    
  0.614995658       6.65419996E-02  -4.98882771    
  0.615995646       6.15523607E-02  -4.99042892    
  0.616995633       5.65611832E-02  -4.99190569    
  0.617995620       5.15685901E-02  -4.99325705    
  0.618995607       4.65747081E-02  -4.99448395    
  0.619995594       4.15796638E-02  -4.99558592    
  0.620995581       3.65835764E-02  -4.99656296    
  0.621995568       3.15865763E-02  -4.99741507    
  0.622995555       2.65887883E-02  -4.99814224    
  0.623995543       2.15903353E-02  -4.99874449    
  0.624995530       1.65913422E-02  -4.99922180    
  0.625995517       1.15919346E-02  -4.99957371    
  0.626995504       6.59223692E-03  -4.99980116    
  0.627995491       1.59237406E-03  -4.99990368    
  0.628995478      -3.40752862E-03  -4.99988079    
  0.629995465      -8.40734597E-03  -4.99973297    
  0.630995452      -1.34069538E-02  -4.99946022    
  0.631995440      -1.84062272E-02  -4.99906254    
  0.632995427      -2.34050397E-02  -4.99853992    
  0.633995414      -2.84032654E-02  -4.99789238    
  0.634995401      -3.34007815E-02  -4.99711990    
  0.635995388      -3.83974649E-02  -4.99622250    
  0.636995375      -4.33931835E-02  -4.99520016    
  0.637995362      -4.83878218E-02  -4.99405289    
  0.638995349      -5.33812493E-02  -4.99278069    
  0.639995337      -5.83733432E-02  -4.99138355    
  0.640995324      -6.33639768E-02  -4.98986197    
  0.641995311      -6.83530271E-02  -4.98821545    
  0.642995298      -7.33403638E-02  -4.98644447    
  0.643995285      -7.83258751E-02  -4.98454857    
  0.644995272      -8.33094195E-02  -4.98252821    
  0.645995259      -8.82908851E-02  -4.98038292    
  0.646995246      -9.32701454E-02  -4.97811365    
  0.647995234      -9.82470736E-02  -4.97571945    
  0.648995221     -0.103221543      -4.97320127    
  0.649995208     -0.108193427      -4.97055864    
  0.650995195     -0.113162622      -4.96779156    
  0.651995182     -0.118128978      -4.96490049    
  0.652995169     -0.123092383      -4.96188498    
  0.653995156     -0.128052711      -4.95874548    
  0.654995143     -0.133009836      -4.95548248    
  0.655995131     -0.137963638      -4.95209503    
  0.656995118     -0.142913982      -4.94858408    
  0.657995105     -0.147860765      -4.94494963    
  0.658995092     -0.152803853      -4.94119120    
  0.659995079     -0.157743111      -4.93730927    
  0.660995066     -0.162678421      -4.93330383    
  0.661995053     -0.167609662      -4.92917490    
  0.662995040     -0.172536716      -4.92492342    
  0.663995028     -0.177459478      -4.92054844    
  0.664995015     -0.182377771      -4.91605043    
  0.665995002     -0.187291533      -4.91142988    
  0.666994989     -0.192200601      -4.90668631    
  0.667994976     -0.197104856      -4.90181971    
  0.668994963     -0.202004194      -4.89683104    
  0.669994950     -0.206898496      -4.89171982    
  0.670994937     -0.211787596      -4.88648605    
  0.671994925     -0.216671422      -4.88113070    
  0.672994912     -0.221549839      -4.87565279    
  0.673994899     -0.226422682      -4.87005281    
  0.674994886     -0.231289893      -4.86433172    
  0.675994873     -0.236151323      -4.85848856    
  0.676994860     -0.241006836      -4.85252380    
  0.677994847     -0.245856330      -4.84643841    
  0.678994834     -0.250699669      -4.84023142    
  0.679994822     -0.255536765      -4.83390331    
  0.680994809     -0.260367423      -4.82745457    
  0.681994796     -0.265191615      -4.82088470    
  0.682994783     -0.270009190      -4.81419516    
  0.683994770     -0.274819970      -4.80738449    
  0.684994757     -0.279623896      -4.80045414    
  0.685994744     -0.284420848      -4.79340363    
  0.686994731     -0.289210677      -4.78623343    
  0.687994719     -0.293993264      -4.77894306    
  0.688994706     -0.298768520      -4.77153349    
  0.689994693     -0.303536296      -4.76400471    
  0.690994680     -0.308296502      -4.75635672    
  0.691994667     -0.313048989      -4.74858952    
  0.692994654     -0.317793667      -4.74070406    
  0.693994641     -0.322530359      -4.73269987    
  0.694994628     -0.327259004      -4.72457743    
  0.695994616     -0.331979454      -4.71633673    
  0.696994603     -0.336691648      -4.70797825    
  0.697994590     -0.341395408      -4.69950199    
  0.698994577     -0.346090615      -4.69090843    
  0.699994564     -0.350777179      -4.68219805    
  0.700994551     -0.355454981      -4.67336988    
  0.701994538     -0.360123873      -4.66442537    
  0.702994525     -0.364783794      -4.65536404    
  0.703994513     -0.369434595      -4.64618635    
  0.704994500     -0.374076128      -4.63689232    
  0.705994487     -0.378708333      -4.62748241    
  0.706994474     -0.383331090      -4.61795664    
  0.707994461     -0.387944221      -4.60831594    
  0.708994448     -0.392547667      -4.59855986    
  0.709994435     -0.397141308      -4.58868837    
  0.710994422     -0.401725024      -4.57870245    
  0.711994410     -0.406298667      -4.56860209    
  0.712994397     -0.410862178      -4.55838728    
  0.713994384     -0.415415406      -4.54805899    
  0.714994371     -0.419958234      -4.53761673    
  0.715994358     -0.424490571      -4.52706146    
  0.716994345     -0.429012328      -4.51639271    
  0.717994332     -0.433523357      -4.50561094    
  0.718994319     -0.438023537      -4.49471664    
  0.719994307     -0.442512751      -4.48370981    
  0.720994294     -0.446990937      -4.47259092    
  0.721994281     -0.451457918      -4.46136045    
  0.722994268     -0.455913633      -4.45001841    
  0.723994255     -0.460357934      -4.43856478    
  0.724994242     -0.464790732      -4.42700052    
  0.725994229     -0.469211876      -4.41532564    
  0.726994216     -0.473621339      -4.40354013    
  0.727994204     -0.478018910      -4.39164448    
  0.728994191     -0.482404590      -4.37963915    
  0.729994178     -0.486778200      -4.36752462    
  0.730994165     -0.491139591      -4.35530043    
  0.731994152     -0.495488733      -4.34296751    
  0.732994139     -0.499825478      -4.33052635    
  0.733994126     -0.504149795      -4.31797647    
  0.734994113     -0.508461416      -4.30531883    
  0.735994101     -0.512760341      -4.29255342    
  0.736994088     -0.517046511      -4.27968073    
  0.737994075     -0.521319687      -4.26670122    
  0.738994062     -0.525579870      -4.25361490    
  0.739994049     -0.529826880      -4.24042225    
  0.740994036     -0.534060657      -4.22712326    
  0.741994023     -0.538281083      -4.21371937    
  0.742994010     -0.542488039      -4.20020962    
  0.743993998     -0.546681464      -4.18659496    
  0.744993985     -0.550861239      -4.17287540    
  0.745993972     -0.555027187      -4.15905190    
  0.746993959     -0.559179246      -4.14512444    
  0.747993946     -0.563317418      -4.13109303    
  0.748993933     -0.567441463      -4.11695862    
  0.749993920     -0.571551323      -4.10272121    
  0.750993907     -0.575646818      -4.08838129    
  0.751993895     -0.579728007      -4.07393885    
  0.752993882     -0.583794713      -4.05939484    
  0.753993869     -0.587846756      -4.04474926    
  0.754993856     -0.591884196      -4.03000259    
  0.755993843     -0.595906734      -4.01515532    
  0.756993830     -0.599914432      -4.00020742    
  0.757993817     -0.603907108      -3.98515964    
  0.758993804     -0.607884705      -3.97001243    
  0.759993792     -0.611847103      -3.95476580    
  0.760993779     -0.615794241      -3.93942022    
  0.761993766     -0.619725943      -3.92397642    
  0.762993753     -0.623642147      -3.90843415    
  0.763993740     -0.627542734      -3.89279413    
  0.764993727     -0.631427705      -3.87705708    
  0.765993714     -0.635296881      -3.86122298    
  0.766993701     -0.639150202      -3.84529233    
  0.767993689     -0.642987490      -3.82926559    
  0.768993676     -0.646808684      -3.81314325    
  0.769993663     -0.650613666      -3.79692531    
  0.770993650     -0.654402435      -3.78061271    
  0.771993637     -0.658174813      -3.76420522    
  0.772993624     -0.661930859      -3.74770403    
  0.773993611     -0.665670216      -3.73110890    
  0.774993598     -0.669393003      -3.71442056    
  0.775993586     -0.673098981      -3.69763947    
  0.776993573     -0.676788211      -3.68076587    
  0.777993560     -0.680460572      -3.66380048    
  0.778993547     -0.684115827      -3.64674306    
  0.779993534     -0.687754035      -3.62959456    
  0.780993521     -0.691375017      -3.61235523    
  0.781993508     -0.694978714      -3.59502578    
  0.782993495     -0.698565066      -3.57760644    
  0.783993483     -0.702133894      -3.56009769    
  0.784993470     -0.705685258      -3.54250002    
  0.785993457     -0.709218919      -3.52481341    
  0.786993444     -0.712734878      -3.50703907    
  0.787993431     -0.716232955      -3.48917699    
  0.788993418     -0.719713151      -3.47122765    
  0.789993405     -0.723175406      -3.45319176    
  0.790993392     -0.726619482      -3.43506932    
  0.791993380     -0.730045438      -3.41686082    
  0.792993367     -0.733453155      -3.39856720    
  0.793993354     -0.736842513      -3.38018823    
  0.794993341     -0.740213454      -3.36172509    
  0.795993328     -0.743565917      -3.34317803    
  0.796993315     -0.746899784      -3.32454705    
  0.797993302     -0.750214994      -3.30583310    
  0.798993289     -0.753511429      -3.28703666    
  0.799993277     -0.756789029      -3.26815772    
  0.800993264     -0.760047734      -3.24919724    
  0.801993251     -0.763287425      -3.23015523    
  0.802993238     -0.766508043      -3.21103263    
  0.803993225     -0.769709468      -3.19182992    
  0.804993212     -0.772891641      -3.17254734    
  0.805993199     -0.776054502      -3.15318537    
  0.806993186     -0.779197991      -3.13374472    
  0.807993174     -0.782321990      -3.11422586    
  0.808993161     -0.785426438      -3.09462905    
  0.809993148     -0.788511217      -3.07495475    
  0.810993135     -0.791576326      -3.05520368    
  0.811993122     -0.794621646      -3.03537607    
  0.812993109     -0.797646999      -3.01547265    
  0.813993096     -0.800652564      -2.99549389    
  0.814993083     -0.803637981      -2.97544026    
  0.815993071     -0.806603372      -2.95531225    
  0.816993058     -0.809548616      -2.93511009    
  0.817993045     -0.812473595      -2.91483474    
  0.818993032     -0.815378189      -2.89448667    
  0.819993019     -0.818262517      -2.87406611    
  0.820993006     -0.821126282      -2.85357380    
  0.821992993     -0.823969603      -2.83300996    
  0.822992980     -0.826792300      -2.81237555    
  0.823992968     -0.829594314      -2.79167080    
  0.824992955     -0.832375586      -2.77089620    
  0.825992942     -0.835136056      -2.75005221    
  0.826992929     -0.837875664      -2.72913957    
  0.827992916     -0.840594292      -2.70815849    
  0.828992903     -0.843291998      -2.68710971    
  0.829992890     -0.845968544      -2.66599393    
  0.830992877     -0.848623991      -2.64481139    
  0.831992865     -0.851258159      -2.62356281    
  0.832992852     -0.853871107      -2.60224843    
  0.833992839     -0.856462657      -2.58086920    
  0.834992826     -0.859032810      -2.55942535    
  0.835992813     -0.861581504      -2.53791761    
  0.836992800     -0.864108622      -2.51634669    
  0.837992787     -0.866614103      -2.49471259    
  0.838992774     -0.869098008      -2.47301602    
  0.839992762     -0.871560156      -2.45125771    
  0.840992749     -0.874000490      -2.42943835    
  0.841992736     -0.876419008      -2.40755796    
  0.842992723     -0.878815591      -2.38561749    
  0.843992710     -0.881190181      -2.36361718    
  0.844992697     -0.883542776      -2.34155822    
  0.845992684     -0.885873318      -2.31944036    
  0.846992671     -0.888181686      -2.29726481    
  0.847992659     -0.890467823      -2.27503157    
  0.848992646     -0.892731726      -2.25274158    
  0.849992633     -0.894973278      -2.23039508    
  0.850992620     -0.897192478      -2.20799279    
  0.851992607     -0.899389267      -2.18553567    
  0.852992594     -0.901563525      -2.16302371    
  0.853992581     -0.903715253      -2.14045763    
  0.854992568     -0.905844450      -2.11783791    
  0.855992556     -0.907950997      -2.09516549    
  0.856992543     -0.910034835      -2.07244062    
  0.857992530     -0.912095904      -2.04966402    
  0.858992517     -0.914134145      -2.02683616    
  0.859992504     -0.916149557      -2.00395751    
  0.860992491     -0.918142021      -1.98102880    
  0.861992478     -0.920111537      -1.95805061    
  0.862992465     -0.922058046      -1.93502355    
  0.863992453     -0.923981547      -1.91194797    
  0.864992440     -0.925881922      -1.88882458    
  0.865992427     -0.927759111      -1.86565399    
  0.866992414     -0.929613173      -1.84243679    
  0.867992401     -0.931443989      -1.81917346    
  0.868992388     -0.933251560      -1.79586470    
  0.869992375     -0.935035706      -1.77251112    
  0.870992362     -0.936796546      -1.74911320    
  0.871992350     -0.938533902      -1.72567153    
  0.872992337     -0.940247774      -1.70218670    
  0.873992324     -0.941938221      -1.67865932    
  0.874992311     -0.943605125      -1.65508997    
  0.875992298     -0.945248365      -1.63147926    
  0.876992285     -0.946868062      -1.60782778    
  0.877992272     -0.948463976      -1.58413613    
  0.878992260     -0.950036287      -1.56040478    
  0.879992247     -0.951584756      -1.53663445    
  0.880992234     -0.953109503      -1.51282573    
  0.881992221     -0.954610407      -1.48897922    
  0.882992208     -0.956087470      -1.46509552    
  0.883992195     -0.957540572      -1.44117510    
  0.884992182     -0.958969831      -1.41721857    
  0.885992169     -0.960375011      -1.39322674    
  0.886992157     -0.961756289      -1.36919999    
  0.887992144     -0.963113427      -1.34513915    
  0.888992131     -0.964446545      -1.32104445    
  0.889992118     -0.965755522      -1.29691696    
  0.890992105     -0.967040360      -1.27275693    
  0.891992092     -0.968301058      -1.24856508    
  0.892992079     -0.969537556      -1.22434211    
  0.893992066     -0.970749736      -1.20008838    
  0.894992054     -0.971937716      -1.17580473    
  0.895992041     -0.973101377      -1.15149176    
  0.896992028     -0.974240720      -1.12714994    
  0.897992015     -0.975355685      -1.10277998    
  0.898992002     -0.976446271      -1.07838237    
  0.899991989     -0.977512419      -1.05395782    
  0.900991976     -0.978554130      -1.02950692    
  0.901991963     -0.979571402      -1.00503039    
  0.902991951     -0.980564177     -0.980528593    
  0.903991938     -0.981532454     -0.956002295    
  0.904991925     -0.982476175     -0.931452155    
  0.905991912     -0.983395338     -0.906878710    
  0.906991899     -0.984289944     -0.882282615    
  0.907991886     -0.985159934     -0.857664466    
  0.908991873     -0.986005247     -0.833024859    
  0.909991860     -0.986825943     -0.808364391    
  0.910991848     -0.987621903     -0.783683777    
  0.911991835     -0.988393247     -0.758983493    
  0.912991822     -0.989139855     -0.734264255    
  0.913991809     -0.989861727     -0.709526658    
  0.914991796     -0.990558922     -0.684771359    
  0.915991783     -0.991231322     -0.659998953    
  0.916991770     -0.991878867     -0.635210037    
  0.917991757     -0.992501676     -0.610405207    
  0.918991745     -0.993099630     -0.585585177    
  0.919991732     -0.993672788     -0.560750484    
  0.920991719     -0.994221151     -0.535901725    
  0.921991706     -0.994744658     -0.511039615    
  0.922991693     -0.995243192     -0.486164719    
  0.923991680     -0.995716929     -0.461277634    
  0.924991667     -0.996165752     -0.436379075    
  0.925991654     -0.996589661     -0.411469579    
  0.926991642     -0.996988714     -0.386549801    
  0.927991629     -0.997362792     -0.361620367    
  0.928991616     -0.997711897     -0.336681873    
  0.929991603     -0.998036146     -0.311734974    
  0.930991590     -0.998335421     -0.286780298    
  0.931991577     -0.998609781     -0.261818409    
  0.932991564     -0.998859167     -0.236850008    
  0.933991551     -0.999083459     -0.211875662    
  0.934991539     -0.999282837     -0.186896041    
  0.935991526     -0.999457240     -0.161911741    
  0.936991513     -0.999606669     -0.136923403    
  0.937991500     -0.999731064     -0.111931615    
  0.938991487     -0.999830544      -8.69370475E-02
  0.939991474     -0.999904990      -6.19403012E-02
  0.940991461     -0.999954462      -3.69420052E-02
  0.941991448     -0.999978900      -1.19427862E-02
  0.942991436     -0.999978364       1.30567327E-02
  0.943991423     -0.999952793       3.80559266E-02
  0.944991410     -0.999902189       6.30541667E-02
  0.945991397     -0.999826670       8.80508348E-02
  0.946991384     -0.999726057      0.113045290    
  0.947991371     -0.999600530      0.138036937    
  0.948991358     -0.999450028      0.163025126    
  0.949991345     -0.999274492      0.188009232    
  0.950991333     -0.999074042      0.212988630    
  0.951991320     -0.998848557      0.237962723    
  0.952991307     -0.998598099      0.262930870    
  0.953991294     -0.998322606      0.287892401    
  0.954991281     -0.998022258      0.312846780    
  0.955991268     -0.997696936      0.337793320    
  0.956991255     -0.997346699      0.362731427    
  0.957991242     -0.996971488      0.387660444    
  0.958991230     -0.996571422      0.412579745    
  0.959991217     -0.996146381      0.437488765    
  0.960991204     -0.995696425      0.462386876    
  0.961991191     -0.995221615      0.487273395    
  0.962991178     -0.994721889      0.512147725    
  0.963991165     -0.994197309      0.537009239    
  0.964991152     -0.993647873      0.561857343    
  0.965991139     -0.993073583      0.586691439    
  0.966991127     -0.992474496      0.611510813    
  0.967991114     -0.991850555      0.636314929    
  0.968991101     -0.991201878      0.661103189    
  0.969991088     -0.990528345      0.685874879    
  0.970991075     -0.989830077      0.710629404    
  0.971991062     -0.989107072      0.735366166    
  0.972991049     -0.988359392      0.760084569    
  0.973991036     -0.987586915      0.784783900    
  0.974991024     -0.986789763      0.809463680    
  0.975991011     -0.985967994      0.834123135    
  0.976990998     -0.985121548      0.858761787    
  0.977990985     -0.984250426      0.883378983    
  0.978990972     -0.983354747      0.907974064    
  0.979990959     -0.982434452      0.932546496    
  0.980990946     -0.981489658      0.957095563    
  0.981990933     -0.980520308      0.981620729    
  0.982990921     -0.979526401       1.00612140    
  0.983990908     -0.978508115       1.03059685    
  0.984990895     -0.977465272       1.05504656    
  0.985990882     -0.976397991       1.07946992    
  0.986990869     -0.975306332       1.10386622    
  0.987990856     -0.974190235       1.12823498    
  0.988990843     -0.973049819       1.15257549    
  0.989990830     -0.971885085       1.17688727    
  0.990990818     -0.970696092       1.20116949    
  0.991990805     -0.969482780       1.22542179    
  0.992990792     -0.968245268       1.24964345    
  0.993990779     -0.966983497       1.27383387    
  0.994990766     -0.965697587       1.29799235    
  0.995990753     -0.964387476       1.32211840    
  0.996990740     -0.963053346       1.34621155    
  0.997990727     -0.961695135       1.37027097    
  0.998990715     -0.960312843       1.39429617    
  0.999990702     -0.958906531       1.41828644    
   1.00099075     -0.957476318       1.44224131    
   1.00199080     -0.956022143       1.46616006    
   1.00299084     -0.954544008       1.49004209    
   1.00399089     -0.953042090       1.51388705    
   1.00499094     -0.951516330       1.53769398    
   1.00599098     -0.949966669       1.56146264    
   1.00699103     -0.948393404       1.58519208    
   1.00799108     -0.946796358       1.60888207    
   1.00899112     -0.945175648       1.63253164    
   1.00999117     -0.943531334       1.65614057    
   1.01099122     -0.941863418       1.67970788    
   1.01199126     -0.940171957       1.70323348    
   1.01299131     -0.938457012       1.72671640    
   1.01399136     -0.936718583       1.75015604    
   1.01499140     -0.934956729       1.77355218    
   1.01599145     -0.933171511       1.79690385    
   1.01699150     -0.931362927       1.82021058    
   1.01799154     -0.929531097       1.84347177    
   1.01899159     -0.927675962       1.86668694    
   1.01999164     -0.925797701       1.88985550    
   1.02099168     -0.923896313       1.91297674    
   1.02199173     -0.921971798       1.93605018    
   1.02299178     -0.920024216       1.95907521    
   1.02399182     -0.918053687       1.98205113    
   1.02499187     -0.916060150       2.00497770    
   1.02599192     -0.914043725       2.02785397    
   1.02699196     -0.912004471       2.05067968    
   1.02799201     -0.909942448       2.07345414    
   1.02899206     -0.907857656       2.09617662    
   1.02999210     -0.905750155       2.11884665    
   1.03099215     -0.903620005       2.14146376    
   1.03199220     -0.901467264       2.16402745    
   1.03299224     -0.899291933       2.18653703    
   1.03399229     -0.897094190       2.20899200    
   1.03499234     -0.894874036       2.23139167    
   1.03599238     -0.892631471       2.25373554    
   1.03699243     -0.890366614       2.27602315    
   1.03799248     -0.888079464       2.29825377    
   1.03899252     -0.885770142       2.32042694    
   1.03999257     -0.883438647       2.34254217    
   1.04099262     -0.881085038       2.36459875    
   1.04199266     -0.878709495       2.38659620    
   1.04299271     -0.876311898       2.40853405    
   1.04399276     -0.873892486       2.43041158    
   1.04499280     -0.871451199       2.45222855    
   1.04599285     -0.868988037       2.47398400    
   1.04699290     -0.866503239       2.49567771    
   1.04799294     -0.863996804       2.51730895    
   1.04899299     -0.861468673       2.53887725    
   1.04999304     -0.858919084       2.56038237    
   1.05099308     -0.856347978       2.58182311    
   1.05199313     -0.853755474       2.60319948    
   1.05299318     -0.851141632       2.62451077    
   1.05399323     -0.848506451       2.64575648    
   1.05499327     -0.845850110       2.66693592    
   1.05599332     -0.843172610       2.68804884    
   1.05699337     -0.840474069       2.70909452    
   1.05799341     -0.837754488       2.73007226    
   1.05899346     -0.835013986       2.75098181    
   1.05999351     -0.832252562       2.77182269    
   1.06099355     -0.829470336       2.79259443    
   1.06199360     -0.826667428       2.81329608    
   1.06299365     -0.823843777       2.83392763    
   1.06399369     -0.820999563       2.85448813    
   1.06499374     -0.818134785       2.87497759    
   1.06599379     -0.815249622       2.89539480    
   1.06699383     -0.812344015       2.91573977    
   1.06799388     -0.809418142       2.93601179    
   1.06899393     -0.806472003       2.95621061    
   1.06999397     -0.803505778       2.97633553    
   1.07099402     -0.800519407       2.99638581    
   1.07199407     -0.797513008       3.01636147    
   1.07299411     -0.794486701       3.03626156    
   1.07399416     -0.791440487       3.05608582    
   1.07499421     -0.788374543       3.07583356    
   1.07599425     -0.785288870       3.09550452    
   1.07699430     -0.782183588       3.11509800    
   1.07799435     -0.779058754       3.13461375    
   1.07899439     -0.775914431       3.15405107    
   1.07999444     -0.772750676       3.17340946    
   1.08099449     -0.769567609       3.19268847    
   1.08199453     -0.766365349       3.21188784    
   1.08299458     -0.763143897       3.23100686    
   1.08399463     -0.759903431       3.25004506    
   1.08499467     -0.756643951       3.26900196    
   1.08599472     -0.753365517       3.28787732    
   1.08699477     -0.750068247       3.30667019    
   1.08799481     -0.746752203       3.32538033    
   1.08899486     -0.743417501       3.34400749    
   1.08999491     -0.740064204       3.36255097    
   1.09099495     -0.736692429       3.38101053    
   1.09199500     -0.733302236       3.39938545    
   1.09299505     -0.729893744       3.41767550    
   1.09399509     -0.726467013       3.43587971    
   1.09499514     -0.723022044       3.45399833    
   1.09599519     -0.719559014       3.47203064    
   1.09699523     -0.716078043       3.48997593    
   1.09799528     -0.712579131       3.50783420    
   1.09899533     -0.709062397       3.52560472    
   1.09999537     -0.705527961       3.54328704    
   1.10099542     -0.701975882       3.56088066    
   1.10199547     -0.698406219       3.57838535    
   1.10299551     -0.694819152       3.59580064    
   1.10399556     -0.691214681       3.61312628    
   1.10499561     -0.687592924       3.63036156    
   1.10599566     -0.683954000       3.64750600    
   1.10699570     -0.680297971       3.66455913    
   1.10799575     -0.676624894       3.68152094    
   1.10899580     -0.672934949       3.69839048    
   1.10999584     -0.669228077       3.71516776    
   1.11099589     -0.665504575       3.73185182    
   1.11199594     -0.661764443       3.74844289    
   1.11299598     -0.658007801       3.76494002    
   1.11399603     -0.654234648       3.78134322    
   1.11499608     -0.650445163       3.79765153    
   1.11599612     -0.646639407       3.81386518    
   1.11699617     -0.642817438       3.82998347    
   1.11799622     -0.638979435       3.84600616    
   1.11899626     -0.635125458       3.86193252    
   1.11999631     -0.631255627       3.87776232    
   1.12099636     -0.627370000       3.89349532    
   1.12199640     -0.623468697       3.90913081    
   1.12299645     -0.619551718       3.92466855    
   1.12399650     -0.615619361       3.94010830    
   1.12499654     -0.611671567       3.95544934    
   1.12599659     -0.607708514       3.97069192    
   1.12699664     -0.603730261       3.98583484    
   1.12799668     -0.599736869       4.00087786    
   1.12899673     -0.595728517       4.01582146    
   1.12999678     -0.591705263       4.03066444    
   1.13099682     -0.587667227       4.04540634    
   1.13199687     -0.583614528       4.06004763    
   1.13299692     -0.579547167       4.07458687    
   1.13399696     -0.575465381       4.08902454    
   1.13499701     -0.571369231       4.10336018    
   1.13599706     -0.567258716       4.11759281    
   1.13699710     -0.563134015       4.13172293    
   1.13799715     -0.558995306       4.14574957    
   1.13899720     -0.554842532       4.15967226    
   1.13999724     -0.550675929       4.17349148    
   1.14099729     -0.546495557       4.18720627    
   1.14199734     -0.542301595       4.20081615    
   1.14299738     -0.538093984       4.21432114    
   1.14399743     -0.533873022       4.22772074    
   1.14499748     -0.529638588       4.24101448    
   1.14599752     -0.525390983       4.25420237    
   1.14699757     -0.521130204       4.26728392    
   1.14799762     -0.516856492       4.28025913    
   1.14899766     -0.512569785       4.29312658    
   1.14999771     -0.508270264       4.30588722    
   1.15099776     -0.503958046       4.31854010    
   1.15199780     -0.499633223       4.33108521    
   1.15299785     -0.495295912       4.34352207    
   1.15399790     -0.490946233       4.35584974    
   1.15499794     -0.486584246       4.36806917    
   1.15599799     -0.482210129       4.38017893    
   1.15699804     -0.477823943       4.39217949    
   1.15799809     -0.473425776       4.40407038    
   1.15899813     -0.469015837       4.41585064    
   1.15999818     -0.464594126       4.42752075    
   1.16099823     -0.460160822       4.43908024    
   1.16199827     -0.455715984       4.45052862    
   1.16299832     -0.451259762       4.46186590    
   1.16399837     -0.446792305       4.47309160    
   1.16499841     -0.442313641       4.48420572    
   1.16599846     -0.437823921       4.49520731    
   1.16699851     -0.433323264       4.50609684    
   1.16799855     -0.428811759       4.51687336    
   1.16899860     -0.424289554       4.52753687    
   1.16999865     -0.419756740       4.53808784    
   1.17099869     -0.415213406       4.54852486    
   1.17199874     -0.410659701       4.55884838    
   1.17299879     -0.406095743       4.56905746    
   1.17399883     -0.401521623       4.57915306    
   1.17499888     -0.396937460       4.58913374    
   1.17599893     -0.392343402       4.59899950    
   1.17699897     -0.387739509       4.60875082    
   1.17799902     -0.383125931       4.61838627    
   1.17899907     -0.378502786       4.62790680    
   1.17999911     -0.373870164       4.63731146    
   1.18099916     -0.369228214       4.64660025    
   1.18199921     -0.364576995       4.65577269    
   1.18299925     -0.359916717       4.66482925    
   1.18399930     -0.355247408       4.67376852    
   1.18499935     -0.350569218       4.68259144    
   1.18599939     -0.345882267       4.69129705    
   1.18699944     -0.341186643       4.69988537    
   1.18799949     -0.336482525       4.70835638    
   1.18899953     -0.331769943       4.71670961    
   1.18999958     -0.327049136       4.72494459    
   1.19099963     -0.322320104       4.73306179    
   1.19199967     -0.317583025       4.74106073    
   1.19299972     -0.312838018       4.74894094    
   1.19399977     -0.308085203       4.75670242    
   1.19499981     -0.303324670       4.76434517    
   1.19599986     -0.298556536       4.77186823    
   1.19699991     -0.293780953       4.77927256    
   1.19799995     -0.288998038       4.78655767    
   1.19900000     -0.284207880       4.79372263    
   1.20000005     -0.279410630       4.80076742    
   1.20100009     -0.274606377       4.80769300    
   1.20200014     -0.269795269       4.81449795    
   1.20300019     -0.264977425       4.82118225    
   1.20400023     -0.260152936       4.82774639    
   1.20500028     -0.255321950       4.83418989    
   1.20600033     -0.250484616       4.84051228    
   1.20700037     -0.245640978       4.84671402    
   1.20800042     -0.240791216       4.85279417    
   1.20900047     -0.235935420       4.85875368    
   1.21000051     -0.231073737       4.86459112    
   1.21100056     -0.226206288       4.87030697    
   1.21200061     -0.221333176       4.87590122    
   1.21300066     -0.216454521       4.88137388    
   1.21400070     -0.211570457       4.88672447    
   1.21500075     -0.206681103       4.89195251    
   1.21600080     -0.201786593       4.89705849    
   1.21700084     -0.196887016       4.90204191    
   1.21800089     -0.191982538       4.90690279    
   1.21900094     -0.187073261       4.91164112    
   1.22000098     -0.182159290       4.91625643    
   1.22100103     -0.177240789       4.92074919    
   1.22200108     -0.172317848       4.92511845    
   1.22300112     -0.167390585       4.92936516    
   1.22400117     -0.162459150       4.93348789    
   1.22500122     -0.157523647       4.93748760    
   1.22600126     -0.152584225       4.94136429    
   1.22700131     -0.147640973       4.94511700    
   1.22800136     -0.142694026       4.94874620    
   1.22900140     -0.137743518       4.95225191    
   1.23000145     -0.132789567       4.95563364    
   1.23100150     -0.127832294       4.95889091    
   1.23200154     -0.122871824       4.96202517    
   1.23300159     -0.117908277       4.96503496    
   1.23400164     -0.112941787       4.96792030    
   1.23500168     -0.107972480       4.97068167    
   1.23600173     -0.103000470       4.97331905    
   1.23700178      -9.80258733E-02   4.97583199    
   1.23800182      -9.30488333E-02   4.97822046    
   1.23900187      -8.80694687E-02   4.98048449    
   1.24000192      -8.30878988E-02   4.98262358    
   1.24100196      -7.81042576E-02   4.98463869    
   1.24200201      -7.31186643E-02   4.98652887    
   1.24300206      -6.81312457E-02   4.98829460    
   1.24400210      -6.31421208E-02   4.98993540    
   1.24500215      -5.81514165E-02   4.99145174    
   1.24600220      -5.31592555E-02   4.99284363    
   1.24700224      -4.81657721E-02   4.99411011    
   1.24800229      -4.31710780E-02   4.99525166    
   1.24900234      -3.81753072E-02   4.99626875    
   1.25000238      -3.31785828E-02   4.99716043    
   1.25100243      -2.81810276E-02   4.99792767    
   1.25200248      -2.31827684E-02   4.99856949    
   1.25300252      -1.81839298E-02   4.99908638    
   1.25400257      -1.31846359E-02   4.99947882    
   1.25500262      -8.18501320E-03   4.99974585    
   1.25600266      -3.18518584E-03   4.99988794    
   1.25700271       1.81472162E-03   4.99990511    
   1.25800276       6.81458320E-03   4.99979687    
   1.25900280       1.18142748E-02   4.99956417    
   1.26000285       1.68136712E-02   4.99920654    
   1.26100290       2.18126476E-02   4.99872351    
   1.26200294       2.68110763E-02   4.99811602    
   1.26300299       3.18088382E-02   4.99738312    
   1.26400304       3.68058048E-02   4.99652529    
   1.26500309       4.18018475E-02   4.99554300    
   1.26600313       4.67968471E-02   4.99443531    
   1.26700318       5.17906807E-02   4.99320316    
   1.26800323       5.67832179E-02   4.99184608    
   1.26900327       6.17743321E-02   4.99036407    
   1.27000332       6.67639002E-02   4.98875713    
   1.27100337       7.17518032E-02   4.98702574    
   1.27200341       7.67379105E-02   4.98516989    
   1.27300346       8.17221031E-02   4.98318911    
   1.27400351       8.67042467E-02   4.98108387    
   1.27500355       9.16842297E-02   4.97885418    
   1.27600360       9.66619253E-02   4.97649956    
   1.27700365      0.101637192       4.97402096    
   1.27800369      0.106609918       4.97141790    
   1.27900374      0.111579984       4.96869040    
   1.28000379      0.116547264       4.96583891    
   1.28100383      0.121511631       4.96286297    
   1.28200388      0.126472965       4.95976353    
   1.28300393      0.131431118       4.95653963    
   1.28400397      0.136385992       4.95319223    
   1.28500402      0.141337454       4.94972038    
   1.28600407      0.146285400       4.94612503    
   1.28700411      0.151229680       4.94240618    
   1.28800416      0.156170174       4.93856382    
   1.28900421      0.161106765       4.93459749    
   1.29000425      0.166039333       4.93050814    
   1.29100430      0.170967743       4.92629576    
   1.29200435      0.175891876       4.92195988    
   1.29300439      0.180811614       4.91750097    
   1.29400444      0.185726851       4.91291904    
   1.29500449      0.190637425       4.90821457    
   1.29600453      0.195543215       4.90338755    
   1.29700458      0.200444147       4.89843750    
   1.29800463      0.205340058       4.89336538    
   1.29900467      0.210230827       4.88817072    
   1.30000472      0.215116352       4.88285351    
   1.30100477      0.219996497       4.87741470    
   1.30200481      0.224871129       4.87185383    
   1.30300486      0.229740143       4.86617136    
   1.30400491      0.234603435       4.86036730    
   1.30500495      0.239460841       4.85444164    
   1.30600500      0.244312271       4.84839439    
   1.30700505      0.249157608       4.84222603    
   1.30800509      0.253996700       4.83593655    
   1.30900514      0.258829415       4.82952642    
   1.31000519      0.263655692       4.82299519    
   1.31100523      0.268475384       4.81634331    
   1.31200528      0.273288339       4.80957127    
   1.31300533      0.278094471       4.80267906    
   1.31400537      0.282893658       4.79566669    
   1.31500542      0.287685782       4.78853464    
   1.31600547      0.292470694       4.78128242    
   1.31700552      0.297248304       4.77391100    
   1.31800556      0.302018464       4.76641989    
   1.31900561      0.306781083       4.75881004    
   1.32000566      0.311536044       4.75108099    
   1.32100570      0.316283226       4.74323320    
   1.32200575      0.321022481       4.73526716    
   1.32300580      0.325753719       4.72718239    
   1.32400584      0.330476820       4.71897936    
   1.32500589      0.335191637       4.71065855    
   1.32600594      0.339898109       4.70221996    
   1.32700598      0.344596058       4.69366360    
   1.32800603      0.349285394       4.68499041    
   1.32900608      0.353965998       4.67619944    
   1.33000612      0.358637750       4.66729212    
   1.33100617      0.363300562       4.65826797    
   1.33200622      0.367954254       4.64912701    
   1.33300626      0.372598737       4.63987017    
   1.33400631      0.377233922       4.63049698    
   1.33500636      0.381859690       4.62100840    
   1.33600640      0.386475921       4.61140442    
   1.33700645      0.391082466       4.60168457    
   1.33800650      0.395679235       4.59185028    
   1.33900654      0.400266111       4.58190060    
   1.34000659      0.404843003       4.57183695    
   1.34100664      0.409409732       4.56165886    
   1.34200668      0.413966238       4.55136633    
   1.34300673      0.418512434       4.54096031    
   1.34400678      0.423048168       4.53044128    
   1.34500682      0.427573293       4.51980829    
   1.34600687      0.432087749       4.50906229    
   1.34700692      0.436591417       4.49820375    
   1.34800696      0.441084146       4.48723316    
   1.34900701      0.445565850       4.47614956    
   1.35000706      0.450036407       4.46495485    
   1.35100710      0.454495728       4.45364761    
   1.35200715      0.458943695       4.44222975    
   1.35300720      0.463380158       4.43070078    
   1.35400724      0.467805058       4.41906071    
   1.35500729      0.472218245       4.40731049    
   1.35600734      0.476619661       4.39545012    
   1.35700738      0.481009126       4.38347960    
   1.35800743      0.485386550       4.37139988    
   1.35900748      0.489751875       4.35921049    
   1.36000752      0.494104952       4.34691191    
   1.36100757      0.498445660       4.33450508    
   1.36200762      0.502773941       4.32199001    
   1.36300766      0.507089615       4.30936670    
   1.36400771      0.511392593       4.29663563    
   1.36500776      0.515682817       4.28379679    
   1.36600780      0.519960165       4.27085114    
   1.36700785      0.524224520       4.25779915    
   1.36800790      0.528475761       4.24464035    
   1.36900795      0.532713771       4.23137569    
   1.37000799      0.536938429       4.21800518    
   1.37100804      0.541149735       4.20452881    
   1.37200809      0.545347452       4.19094753    
   1.37300813      0.549531579       4.17726183    
   1.37400818      0.553701937       4.16347122    
   1.37500823      0.557858467       4.14957666    
   1.37600827      0.562001109       4.13557863    
   1.37700832      0.566129625       4.12147713    
   1.37800837      0.570244014       4.10727215    
   1.37900841      0.574344158       4.09296513    
   1.38000846      0.578429937       4.07855511    
   1.38100851      0.582501233       4.06404352    
   1.38200855      0.586557984       4.04943037    
   1.38300860      0.590600073       4.03471565    
   1.38400865      0.594627321       4.01990032    
   1.38500869      0.598639786       4.00498438    
   1.38600874      0.602637291       3.98996854    
   1.38700879      0.606619716       3.97485280    
   1.38800883      0.610586941       3.95963764    
   1.38900888      0.614538908       3.94432354    
   1.39000893      0.618475556       3.92891097    
   1.39100897      0.622396767       3.91339993    
   1.39200902      0.626302361       3.89779139    
   1.39300907      0.630192280       3.88208508    
   1.39400911      0.634066463       3.86628175    
   1.39500916      0.637924790       3.85038209    
   1.39600921      0.641767263       3.83438587    
   1.39700925      0.645593584       3.81829381    
   1.39800930      0.649403811       3.80210638    
   1.39900935      0.653197765       3.78582382    
   1.40000939      0.656975448       3.76944661    
   1.40100944      0.660736680       3.75297523    
   1.40200949      0.664481342       3.73640990    
   1.40300953      0.668209374       3.71975112    
   1.40400958      0.671920776       3.70299959    
   1.40500963      0.675615370       3.68615532    
   1.40600967      0.679293036       3.66921902    
   1.40700972      0.682953775       3.65219069    
   1.40800977      0.686597407       3.63507152    
   1.40900981      0.690223932       3.61786127    
   1.41000986      0.693833113       3.60056043    
   1.41100991      0.697425008       3.58316946    
   1.41200995      0.700999439       3.56568933    
   1.41301000      0.704556346       3.54812002    
   1.41401005      0.708095610       3.53046179    
   1.41501009      0.711617231       3.51271534    
   1.41601014      0.715121031       3.49488115    
   1.41701019      0.718606949       3.47695947    
   1.41801023      0.722074866       3.45895100    
   1.41901028      0.725524783       3.44085574    
   1.42001033      0.728956580       3.42267466    
   1.42101038      0.732370138       3.40440798    
   1.42201042      0.735765398       3.38605618    
   1.42301047      0.739142239       3.36761999    
   1.42401052      0.742500603       3.34909940    
   1.42501056      0.745840371       3.33049512    
   1.42601061      0.749161601       3.31180739    
   1.42701066      0.752463996       3.29303718    
   1.42801070      0.755747616       3.27418447    
   1.42901075      0.759012341       3.25524998    
   1.43001080      0.762258053       3.23623395    
   1.43101084      0.765484750       3.21713734    
   1.43201089      0.768692315       3.19796014    
   1.43301094      0.771880686       3.17870283    
   1.43401098      0.775049746       3.15936613    
   1.43501103      0.778199434       3.13995075    
   1.43601108      0.781329632       3.12045646    
   1.43701112      0.784440339       3.10088444    
   1.43801117      0.787531376       3.08123446    
   1.43901122      0.790602744       3.06150794    
   1.44001126      0.793654382       3.04170465    
   1.44101131      0.796686113       3.02182531    
   1.44201136      0.799697995       3.00187039    
   1.44301140      0.802689850       2.98184061    
   1.44401145      0.805661619       2.96173620    
   1.44501150      0.808613241       2.94155765    
   1.44601154      0.811544716       2.92130566    
   1.44701159      0.814455807       2.90098047    
   1.44801164      0.817346632       2.88058305    
   1.44901168      0.820216954       2.86011338    
   1.45001173      0.823066831       2.83957219    
   1.45101178      0.825896144       2.81895995    
   1.45201182      0.828704715       2.79827762    
   1.45301187      0.831492603       2.77752495    
   1.45401192      0.834259748       2.75670314    
   1.45501196      0.837005973       2.73581243    
   1.45601201      0.839731336       2.71485305    
   1.45701206      0.842435718       2.69382572    
   1.45801210      0.845118999       2.67273116    
   1.45901215      0.847781122       2.65156984    
   1.46001220      0.850422084       2.63034225    
   1.46101224      0.853041768       2.60904884    
   1.46201229      0.855640113       2.58769035    
   1.46301234      0.858217061       2.56626701    
   1.46401238      0.860772610       2.54477954    
   1.46501243      0.863306642       2.52322841    
   1.46601248      0.865819097       2.50161433    
   1.46701252      0.868309855       2.47993779    
   1.46801257      0.870778918       2.45819902    
   1.46901262      0.873226225       2.43639898    
   1.47001266      0.875651717       2.41453791    
   1.47101271      0.878055334       2.39261651    
   1.47201276      0.880436957       2.37063527    
   1.47301280      0.882796586       2.34859490    
   1.47401285      0.885134161       2.32649565    
   1.47501290      0.887449622       2.30433822    
   1.47601295      0.889742851       2.28212333    
   1.47701299      0.892013788       2.25985122    
   1.47801304      0.894262493       2.23752260    
   1.47901309      0.896488845       2.21513820    
   1.48001313      0.898692787       2.19269824    
   1.48101318      0.900874257       2.17020369    
   1.48201323      0.903033197       2.14765477    
   1.48301327      0.905169547       2.12505221    
   1.48401332      0.907283187       2.10239625    
   1.48501337      0.909374237       2.07968807    
   1.48601341      0.911442578       2.05692792    
   1.48701346      0.913488090       2.03411627    
   1.48801351      0.915510833       2.01125360    
   1.48901355      0.917510569       1.98834085    
   1.49001360      0.919487417       1.96537828    
   1.49101365      0.921441317       1.94236672    
   1.49201369      0.923372149       1.91930652    
   1.49301374      0.925279915       1.89619827    
   1.49401379      0.927164495       1.87304282    
   1.49501383      0.929025948       1.84984028    
   1.49601388      0.930864155       1.82659161    
   1.49701393      0.932679117       1.80329728    
   1.49801397      0.934470713       1.77995789    
   1.49901402      0.936239004       1.75657392    
   1.50001407      0.937983930       1.73314607    
   1.50101411      0.939705312       1.70967495    
   1.50201416      0.941403270       1.68616104    
   1.50301421      0.943077683       1.66260493    
   1.50401425      0.944728494       1.63900733    
   1.50501430      0.946355700       1.61536872    
   1.50601435      0.947959244       1.59168971    
   1.50701439      0.949539125       1.56797087    
   1.50801444      0.951095223       1.54421282    
   1.50901449      0.952627540       1.52041626    
   1.51001453      0.954136014       1.49658167    
   1.51101458      0.955620706       1.47270977    
   1.51201463      0.957081437       1.44880092    
   1.51301467      0.958518267       1.42485595    
   1.51401472      0.959931135       1.40087533    
   1.51501477      0.961319983       1.37685966    
   1.51601481      0.962684810       1.35280967    
   1.51701486      0.964025617       1.32872581    
   1.51801491      0.965342283       1.30460870    
   1.51901495      0.966634750       1.28045893    
   1.52001500      0.967903137       1.25627720    
   1.52101505      0.969147265       1.23206389    
   1.52201509      0.970367193       1.20781994    
   1.52301514      0.971562862       1.18354583    
   1.52401519      0.972734213       1.15924203    
   1.52501523      0.973881304       1.13490939    
   1.52601528      0.975004017       1.11054826    
   1.52701533      0.976102352       1.08615935    
   1.52801538      0.977176309       1.06174326    
   1.52901542      0.978225887       1.03730071    
   1.53001547      0.979250908       1.01283216    
   1.53101552      0.980251491      0.988338351    
   1.53201556      0.981227577      0.963819802    
   1.53301561      0.982179165      0.939277232    
   1.53401566      0.983106136      0.914711058    
   1.53501570      0.984008551      0.890122056    
   1.53601575      0.984886348      0.865510881    
   1.53701580      0.985739589      0.840877950    
   1.53801584      0.986568153      0.816224039    
   1.53901589      0.987372041      0.791549742    
   1.54001594      0.988151193      0.766855657    
   1.54101598      0.988905728      0.742142379    
   1.54201603      0.989635468      0.717410505    
   1.54301608      0.990340531      0.692660809    
   1.54401612      0.991020799      0.667893708    
   1.54501617      0.991676331      0.643109977    
   1.54601622      0.992307007      0.618310094    
   1.54701626      0.992912889      0.593494833    
   1.54801631      0.993493915      0.568664670    
   1.54901636      0.994050205      0.543820322    
   1.55001640      0.994581521      0.518962383    
   1.55101645      0.995088100      0.494091421    
   1.55201650      0.995569766      0.469208151    
   1.55301654      0.996026576      0.444313169    
   1.55401659      0.996458411      0.419407040    
   1.55501664      0.996865332      0.394490451    
   1.55601668      0.997247398      0.369563997    
   1.55701673      0.997604489      0.344628304    
   1.55801678      0.997936606      0.319683969    
   1.55901682      0.998243809      0.294731677    
   1.56001687      0.998526037      0.269772023    
   1.56101692      0.998783290      0.244805589    
   1.56201696      0.999015629      0.219833046    
   1.56301701      0.999222934      0.194855005    
   1.56401706      0.999405324      0.169872105    
   1.56501710      0.999562681      0.144884959    
   1.56601715      0.999695063      0.119894184    
   1.56701720      0.999802470       9.49004143E-02
   1.56801724      0.999884844       6.99042678E-02
   1.56901729      0.999942243       4.49063778E-02
   1.57001734      0.999974608       1.99073628E-02
